1.35557534e+10  
1.35557535e+10  
1.35557533e+10  
1.35849274e+10  
1.35849272e+10  
1.35849273e+10  
1.36129681e+10  
1.36129680e+10  
1.36129679e+10  
1.36398655e+10  
1.36398654e+10  
1.36398653e+10  
1.36656107e+10  
1.36656106e+10  
1.36656105e+10  
1.36901942e+10  
1.36901941e+10  
1.36901940e+10  
1.37136074e+10  
1.37136073e+10  
1.37136074e+10  
1.37358422e+10  
1.37358422e+10  
1.37358421e+10  
1.37568908e+10  
1.37568907e+10  
1.37568907e+10  
1.37767452e+10  
1.37767452e+10  
1.37767453e+10  
1.37953988e+10  
1.37953988e+10  
1.37953987e+10  
1.38128447e+10  
1.38128447e+10  
1.38128447e+10  
1.38290768e+10  
1.38290768e+10  
1.38290768e+10  
1.38440893e+10  
1.38440893e+10  
1.38440893e+10  
1.38578766e+10  
1.38578767e+10  
1.38578768e+10  
1.38704344e+10  
1.38704344e+10  
1.38704344e+10  
1.38817574e+10  
1.38817575e+10  
1.38817575e+10  
1.38918420e+10  
1.38918421e+10  
1.38918421e+10  
1.39006845e+10  
1.39006845e+10  
1.39006845e+10  
1.39082816e+10  
1.39082816e+10  
1.39082817e+10  
1.39146307e+10  
1.39146307e+10  
1.39146308e+10  
1.39197294e+10  
1.39197294e+10  
1.39197295e+10  
1.39235759e+10  
1.39235760e+10  
1.39235760e+10  
1.39261689e+10  
1.39261690e+10  
1.39261690e+10  
1.39275074e+10  
1.39275074e+10  
1.39275075e+10  
1.39275908e+10  
1.39275909e+10  
1.39275909e+10  
1.39264192e+10  
1.39264193e+10  
1.39264193e+10  
1.39239930e+10  
1.39239930e+10  
1.39239931e+10  
1.39203129e+10  
1.39203130e+10  
1.39203130e+10  
1.39153804e+10  
1.39153804e+10  
1.39153805e+10  
1.39091972e+10  
1.39091972e+10  
1.39091973e+10  
1.39017655e+10  
1.39017655e+10  
1.39017656e+10  
1.38930879e+10  
1.38930879e+10  
1.38930879e+10  
1.38831675e+10  
1.38831675e+10  
1.38831675e+10  
1.38720080e+10  
1.38720080e+10  
1.38720080e+10  
1.38596133e+10  
1.38596133e+10  
1.38596133e+10  
1.38459878e+10  
1.38459878e+10  
1.38459878e+10  
1.38311363e+10  
1.38311363e+10  
1.38311363e+10  
1.38150643e+10  
1.38150642e+10  
1.38150642e+10  
1.37977773e+10  
1.37977773e+10  
1.37977773e+10  
1.37792815e+10  
1.37792815e+10  
1.37792814e+10  
1.37595838e+10  
1.37595835e+10  
1.37595835e+10  
1.37386903e+10  
1.37386902e+10  
1.37386904e+10  
1.37166095e+10  
1.37166094e+10  
1.37166093e+10  
1.36933486e+10  
1.36933485e+10  
1.36933484e+10  
1.36689160e+10  
1.36689158e+10  
1.36689157e+10  
1.36433203e+10  
1.36433199e+10  
1.36433197e+10  
1.36165703e+10  
1.36165701e+10  
1.36165700e+10  
1.35886757e+10  
1.35886755e+10  
1.35886753e+10  
1.35596462e+10  
1.35596457e+10  
1.35596455e+10  
