-2.56578306e+11  0.00000000e+00  
  -2.56574889e+11  0.00000000e+00  
  -2.56571481e+11  0.00000000e+00  
  -2.56182956e+11  0.00000000e+00  
  -2.56179887e+11  0.00000000e+00  
  -2.56176814e+11  0.00000000e+00  
  -2.55803768e+11  0.00000000e+00  
  -2.55801033e+11  0.00000000e+00  
  -2.55798297e+11  0.00000000e+00  
  -2.55440757e+11  0.00000000e+00  
  -2.55438336e+11  0.00000000e+00  
  -2.55435912e+11  0.00000000e+00  
  -2.55093910e+11  0.00000000e+00  
  -2.55091787e+11  0.00000000e+00  
  -2.55089667e+11  0.00000000e+00  
  -2.54763223e+11  0.00000000e+00  
  -2.54761390e+11  0.00000000e+00  
  -2.54759557e+11  0.00000000e+00  
  -2.54448706e+11  0.00000000e+00  
  -2.54447146e+11  0.00000000e+00  
  -2.54445582e+11  0.00000000e+00  
  -2.54150352e+11  0.00000000e+00  
  -2.54149050e+11  0.00000000e+00  
  -2.54147747e+11  0.00000000e+00  
  -2.53868157e+11  0.00000000e+00  
  -2.53867099e+11  0.00000000e+00  
  -2.53866041e+11  0.00000000e+00  
  -2.53602131e+11  0.00000000e+00  
  -2.53601303e+11  0.00000000e+00  
  -2.53600470e+11  0.00000000e+00  
  -2.53352261e+11  0.00000000e+00  
  -2.53351649e+11  0.00000000e+00  
  -2.53351037e+11  0.00000000e+00  
  -2.53118556e+11  0.00000000e+00  
  -2.53118146e+11  0.00000000e+00  
  -2.53117736e+11  0.00000000e+00  
  -2.52901011e+11  0.00000000e+00  
  -2.52900788e+11  0.00000000e+00  
  -2.52900565e+11  0.00000000e+00  
  -2.52699624e+11  0.00000000e+00  
  -2.52699575e+11  0.00000000e+00  
  -2.52699526e+11  0.00000000e+00  
  -2.52514400e+11  0.00000000e+00  
  -2.52514510e+11  0.00000000e+00  
  -2.52514618e+11  0.00000000e+00  
  -2.52345326e+11  0.00000000e+00  
  -2.52345582e+11  0.00000000e+00  
  -2.52345837e+11  0.00000000e+00  
  -2.52192417e+11  0.00000000e+00  
  -2.52192803e+11  0.00000000e+00  
  -2.52193189e+11  0.00000000e+00  
  -2.52055665e+11  0.00000000e+00  
  -2.52056168e+11  0.00000000e+00  
  -2.52056671e+11  0.00000000e+00  
  -2.51935068e+11  0.00000000e+00  
  -2.51935674e+11  0.00000000e+00  
  -2.51936279e+11  0.00000000e+00  
  -2.51830628e+11  0.00000000e+00  
  -2.51831322e+11  0.00000000e+00  
  -2.51832016e+11  0.00000000e+00  
  -2.51742342e+11  0.00000000e+00  
  -2.51743110e+11  0.00000000e+00  
  -2.51743879e+11  0.00000000e+00  
  -2.51670212e+11  0.00000000e+00  
  -2.51671040e+11  0.00000000e+00  
  -2.51671868e+11  0.00000000e+00  
  -2.51614233e+11  0.00000000e+00  
  -2.51615108e+11  0.00000000e+00  
  -2.51615982e+11  0.00000000e+00  
  -2.51574409e+11  0.00000000e+00  
  -2.51575315e+11  0.00000000e+00  
  -2.51576221e+11  0.00000000e+00  
  -2.51550737e+11  0.00000000e+00  
  -2.51551661e+11  0.00000000e+00  
  -2.51552585e+11  0.00000000e+00  
  -2.51543217e+11  0.00000000e+00  
  -2.51544144e+11  0.00000000e+00  
  -2.51545072e+11  0.00000000e+00  
  -2.51551848e+11  0.00000000e+00  
  -2.51552765e+11  0.00000000e+00  
  -2.51553681e+11  0.00000000e+00  
  -2.51576629e+11  0.00000000e+00  
  -2.51577521e+11  0.00000000e+00  
  -2.51578413e+11  0.00000000e+00  
  -2.51617560e+11  0.00000000e+00  
  -2.51618413e+11  0.00000000e+00  
  -2.51619265e+11  0.00000000e+00  
  -2.51674640e+11  0.00000000e+00  
  -2.51675440e+11  0.00000000e+00  
  -2.51676239e+11  0.00000000e+00  
  -2.51747868e+11  0.00000000e+00  
  -2.51748600e+11  0.00000000e+00  
  -2.51749333e+11  0.00000000e+00  
  -2.51837244e+11  0.00000000e+00  
  -2.51837895e+11  0.00000000e+00  
  -2.51838546e+11  0.00000000e+00  
  -2.51942767e+11  0.00000000e+00  
  -2.51943323e+11  0.00000000e+00  
  -2.51943878e+11  0.00000000e+00  
  -2.52064436e+11  0.00000000e+00  
  -2.52064882e+11  0.00000000e+00  
  -2.52065328e+11  0.00000000e+00  
  -2.52202251e+11  0.00000000e+00  
  -2.52202573e+11  0.00000000e+00  
  -2.52202896e+11  0.00000000e+00  
  -2.52356210e+11  0.00000000e+00  
  -2.52356395e+11  0.00000000e+00  
  -2.52356579e+11  0.00000000e+00  
  -2.52526315e+11  0.00000000e+00  
  -2.52526347e+11  0.00000000e+00  
  -2.52526377e+11  0.00000000e+00  
  -2.52712563e+11  0.00000000e+00  
  -2.52712427e+11  0.00000000e+00  
  -2.52712293e+11  0.00000000e+00  
  -2.52914952e+11  0.00000000e+00  
  -2.52914637e+11  0.00000000e+00  
  -2.52914323e+11  0.00000000e+00  
  -2.53133483e+11  0.00000000e+00  
  -2.53132974e+11  0.00000000e+00  
  -2.53132465e+11  0.00000000e+00  
  -2.53368159e+11  0.00000000e+00  
  -2.53367441e+11  0.00000000e+00  
  -2.53366724e+11  0.00000000e+00  
  -2.53618973e+11  0.00000000e+00  
  -2.53618034e+11  0.00000000e+00  
  -2.53617094e+11  0.00000000e+00  
  -2.53885932e+11  0.00000000e+00  
  -2.53884755e+11  0.00000000e+00  
  -2.53883574e+11  0.00000000e+00  
  -2.54169025e+11  0.00000000e+00  
  -2.54167596e+11  0.00000000e+00  
  -2.54166167e+11  0.00000000e+00  
  -2.54468257e+11  0.00000000e+00  
  -2.54466563e+11  0.00000000e+00  
  -2.54464872e+11  0.00000000e+00  
  -2.54783632e+11  0.00000000e+00  
  -2.54781659e+11  0.00000000e+00  
  -2.54779685e+11  0.00000000e+00  
  -2.55115139e+11  0.00000000e+00  
  -2.55112876e+11  0.00000000e+00  
  -2.55110609e+11  0.00000000e+00  
  -2.55462789e+11  0.00000000e+00  
  -2.55460214e+11  0.00000000e+00  
  -2.55457639e+11  0.00000000e+00  
  -2.55826568e+11  0.00000000e+00  
  -2.55823672e+11  0.00000000e+00  
  -2.55820779e+11  0.00000000e+00  
  -2.56206489e+11  0.00000000e+00  
  -2.56203260e+11  0.00000000e+00  
  -2.56200027e+11  0.00000000e+00  
  