1.17168932e+10  
1.17168932e+10  
1.17168932e+10  
1.17149930e+10  
1.17149930e+10  
1.17149930e+10  
1.17131723e+10  
1.17131723e+10  
1.17131723e+10  
1.17114311e+10  
1.17114311e+10  
1.17114311e+10  
1.17097695e+10  
1.17097695e+10  
1.17097695e+10  
1.17081872e+10  
1.17081872e+10  
1.17081872e+10  
1.17066844e+10  
1.17066844e+10  
1.17066844e+10  
1.17052609e+10  
1.17052609e+10  
1.17052609e+10  
1.17039167e+10  
1.17039167e+10  
1.17039167e+10  
1.17026518e+10  
1.17026518e+10  
1.17026518e+10  
1.17014661e+10  
1.17014661e+10  
1.17014661e+10  
1.17003596e+10  
1.17003596e+10  
1.17003596e+10  
1.16993323e+10  
1.16993323e+10  
1.16993323e+10  
1.16983841e+10  
1.16983841e+10  
1.16983841e+10  
1.16975150e+10  
1.16975150e+10  
1.16975150e+10  
1.16967250e+10  
1.16967250e+10  
1.16967250e+10  
1.16960141e+10  
1.16960141e+10  
1.16960141e+10  
1.16953822e+10  
1.16953822e+10  
1.16953822e+10  
1.16948293e+10  
1.16948293e+10  
1.16948293e+10  
1.16943555e+10  
1.16943555e+10  
1.16943555e+10  
1.16939606e+10  
1.16939606e+10  
1.16939606e+10  
1.16936447e+10  
1.16936447e+10  
1.16936447e+10  
1.16934078e+10  
1.16934078e+10  
1.16934078e+10  
1.16932499e+10  
1.16932499e+10  
1.16932499e+10  
1.16931709e+10  
1.16931709e+10  
1.16931709e+10  
1.16931709e+10  
1.16931709e+10  
1.16931709e+10  
1.16932499e+10  
1.16932499e+10  
1.16932499e+10  
1.16934078e+10  
1.16934078e+10  
1.16934078e+10  
1.16936447e+10  
1.16936447e+10  
1.16936447e+10  
1.16939606e+10  
1.16939606e+10  
1.16939606e+10  
1.16943554e+10  
1.16943554e+10  
1.16943554e+10  
1.16948293e+10  
1.16948293e+10  
1.16948293e+10  
1.16953822e+10  
1.16953822e+10  
1.16953822e+10  
1.16960140e+10  
1.16960140e+10  
1.16960140e+10  
1.16967250e+10  
1.16967250e+10  
1.16967250e+10  
1.16975150e+10  
1.16975150e+10  
1.16975150e+10  
1.16983840e+10  
1.16983840e+10  
1.16983840e+10  
1.16993322e+10  
1.16993322e+10  
1.16993322e+10  
1.17003595e+10  
1.17003595e+10  
1.17003595e+10  
1.17014660e+10  
1.17014660e+10  
1.17014660e+10  
1.17026517e+10  
1.17026517e+10  
1.17026517e+10  
1.17039166e+10  
1.17039166e+10  
1.17039166e+10  
1.17052608e+10  
1.17052608e+10  
1.17052608e+10  
1.17066843e+10  
1.17066843e+10  
1.17066843e+10  
1.17081872e+10  
1.17081872e+10  
1.17081872e+10  
1.17097694e+10  
1.17097694e+10  
1.17097694e+10  
1.17114311e+10  
1.17114311e+10  
1.17114311e+10  
1.17131722e+10  
1.17131722e+10  
1.17131722e+10  
1.17149929e+10  
1.17149929e+10  
1.17149929e+10  
1.17168931e+10  
1.17168931e+10  
1.17168931e+10  
