1.26623938e+10  
1.26623938e+10  
1.26623938e+10  
1.26672516e+10  
1.26672516e+10  
1.26672516e+10  
1.26719094e+10  
1.26719094e+10  
1.26719094e+10  
1.26763668e+10  
1.26763668e+10  
1.26763668e+10  
1.26806237e+10  
1.26806237e+10  
1.26806237e+10  
1.26846796e+10  
1.26846796e+10  
1.26846796e+10  
1.26885344e+10  
1.26885344e+10  
1.26885344e+10  
1.26921878e+10  
1.26921878e+10  
1.26921878e+10  
1.26956396e+10  
1.26956396e+10  
1.26956396e+10  
1.26988894e+10  
1.26988894e+10  
1.26988894e+10  
1.27019372e+10  
1.27019372e+10  
1.27019372e+10  
1.27047827e+10  
1.27047827e+10  
1.27047827e+10  
1.27074257e+10  
1.27074257e+10  
1.27074257e+10  
1.27098661e+10  
1.27098661e+10  
1.27098661e+10  
1.27121037e+10  
1.27121037e+10  
1.27121037e+10  
1.27141383e+10  
1.27141383e+10  
1.27141383e+10  
1.27159699e+10  
1.27159699e+10  
1.27159699e+10  
1.27175982e+10  
1.27175982e+10  
1.27175982e+10  
1.27190233e+10  
1.27190233e+10  
1.27190233e+10  
1.27202449e+10  
1.27202449e+10  
1.27202449e+10  
1.27212631e+10  
1.27212631e+10  
1.27212631e+10  
1.27220777e+10  
1.27220777e+10  
1.27220777e+10  
1.27226887e+10  
1.27226887e+10  
1.27226887e+10  
1.27230960e+10  
1.27230960e+10  
1.27230960e+10  
1.27232997e+10  
1.27232997e+10  
1.27232997e+10  
1.27232997e+10  
1.27232997e+10  
1.27232997e+10  
1.27230961e+10  
1.27230961e+10  
1.27230961e+10  
1.27226887e+10  
1.27226887e+10  
1.27226887e+10  
1.27220777e+10  
1.27220777e+10  
1.27220777e+10  
1.27212631e+10  
1.27212631e+10  
1.27212631e+10  
1.27202450e+10  
1.27202450e+10  
1.27202450e+10  
1.27190234e+10  
1.27190234e+10  
1.27190234e+10  
1.27175984e+10  
1.27175984e+10  
1.27175984e+10  
1.27159700e+10  
1.27159700e+10  
1.27159700e+10  
1.27141385e+10  
1.27141385e+10  
1.27141385e+10  
1.27121039e+10  
1.27121039e+10  
1.27121039e+10  
1.27098663e+10  
1.27098663e+10  
1.27098663e+10  
1.27074260e+10  
1.27074260e+10  
1.27074260e+10  
1.27047829e+10  
1.27047829e+10  
1.27047829e+10  
1.27019375e+10  
1.27019375e+10  
1.27019375e+10  
1.26988897e+10  
1.26988897e+10  
1.26988897e+10  
1.26956398e+10  
1.26956399e+10  
1.26956399e+10  
1.26921881e+10  
1.26921881e+10  
1.26921881e+10  
1.26885348e+10  
1.26885348e+10  
1.26885348e+10  
1.26846800e+10  
1.26846800e+10  
1.26846800e+10  
1.26806241e+10  
1.26806241e+10  
1.26806241e+10  
1.26763672e+10  
1.26763672e+10  
1.26763672e+10  
1.26719098e+10  
1.26719098e+10  
1.26719098e+10  
1.26672520e+10  
1.26672520e+10  
1.26672520e+10  
1.26623943e+10  
1.26623943e+10  
1.26623943e+10  
