-1.37202787e+03  0.00000000e+00  
  -1.43856250e+03  0.00000000e+00  
  -1.50509713e+03  0.00000000e+00  
  -1.36914525e+03  0.00000000e+00  
  -1.43030092e+03  0.00000000e+00  
  -1.49145659e+03  0.00000000e+00  
  -1.36637492e+03  0.00000000e+00  
  -1.42237575e+03  0.00000000e+00  
  -1.47837658e+03  0.00000000e+00  
  -1.36371687e+03  0.00000000e+00  
  -1.41478699e+03  0.00000000e+00  
  -1.46585710e+03  0.00000000e+00  
  -1.36117111e+03  0.00000000e+00  
  -1.40753463e+03  0.00000000e+00  
  -1.45389814e+03  0.00000000e+00  
  -1.35873764e+03  0.00000000e+00  
  -1.40061868e+03  0.00000000e+00  
  -1.44249972e+03  0.00000000e+00  
  -1.35641645e+03  0.00000000e+00  
  -1.39403914e+03  0.00000000e+00  
  -1.43166184e+03  0.00000000e+00  
  -1.35420754e+03  0.00000000e+00  
  -1.38779601e+03  0.00000000e+00  
  -1.42138449e+03  0.00000000e+00  
  -1.35211092e+03  0.00000000e+00  
  -1.38188929e+03  0.00000000e+00  
  -1.41166766e+03  0.00000000e+00  
  -1.35012658e+03  0.00000000e+00  
  -1.37631897e+03  0.00000000e+00  
  -1.40251136e+03  0.00000000e+00  
  -1.34825452e+03  0.00000000e+00  
  -1.37108505e+03  0.00000000e+00  
  -1.39391559e+03  0.00000000e+00  
  -1.34649475e+03  0.00000000e+00  
  -1.36618755e+03  0.00000000e+00  
  -1.38588036e+03  0.00000000e+00  
  -1.34484726e+03  0.00000000e+00  
  -1.36162646e+03  0.00000000e+00  
  -1.37840565e+03  0.00000000e+00  
  -1.34331206e+03  0.00000000e+00  
  -1.35740177e+03  0.00000000e+00  
  -1.37149147e+03  0.00000000e+00  
  -1.34188914e+03  0.00000000e+00  
  -1.35351349e+03  0.00000000e+00  
  -1.36513783e+03  0.00000000e+00  
  -1.34057851e+03  0.00000000e+00  
  -1.34996161e+03  0.00000000e+00  
  -1.35934472e+03  0.00000000e+00  
  -1.33938016e+03  0.00000000e+00  
  -1.34674614e+03  0.00000000e+00  
  -1.35411213e+03  0.00000000e+00  
  -1.33829410e+03  0.00000000e+00  
  -1.34386708e+03  0.00000000e+00  
  -1.34944007e+03  0.00000000e+00  
  -1.33732032e+03  0.00000000e+00  
  -1.34132443e+03  0.00000000e+00  
  -1.34532855e+03  0.00000000e+00  
  -1.33645882e+03  0.00000000e+00  
  -1.33911818e+03  0.00000000e+00  
  -1.34177755e+03  0.00000000e+00  
  -1.33570960e+03  0.00000000e+00  
  -1.33724834e+03  0.00000000e+00  
  -1.33878708e+03  0.00000000e+00  
  -1.33507267e+03  0.00000000e+00  
  -1.33571491e+03  0.00000000e+00  
  -1.33635715e+03  0.00000000e+00  
  -1.33454803e+03  0.00000000e+00  
  -1.33451788e+03  0.00000000e+00  
  -1.33448773e+03  0.00000000e+00  
  -1.33413567e+03  0.00000000e+00  
  -1.33365726e+03  0.00000000e+00  
  -1.33317886e+03  0.00000000e+00  
  -1.33383558e+03  0.00000000e+00  
  -1.33313305e+03  0.00000000e+00  
  -1.33243050e+03  0.00000000e+00  
  -1.33364779e+03  0.00000000e+00  
  -1.33294524e+03  0.00000000e+00  
  -1.33224268e+03  0.00000000e+00  
  -1.33357228e+03  0.00000000e+00  
  -1.33309384e+03  0.00000000e+00  
  -1.33261538e+03  0.00000000e+00  
  -1.33360905e+03  0.00000000e+00  
  -1.33357884e+03  0.00000000e+00  
  -1.33354863e+03  0.00000000e+00  
  -1.33375810e+03  0.00000000e+00  
  -1.33440025e+03  0.00000000e+00  
  -1.33504239e+03  0.00000000e+00  
  -1.33401944e+03  0.00000000e+00  
  -1.33555807e+03  0.00000000e+00  
  -1.33709668e+03  0.00000000e+00  
  -1.33439306e+03  0.00000000e+00  
  -1.33705228e+03  0.00000000e+00  
  -1.33971150e+03  0.00000000e+00  
  -1.33487898e+03  0.00000000e+00  
  -1.33888291e+03  0.00000000e+00  
  -1.34288685e+03  0.00000000e+00  
  -1.33547715e+03  0.00000000e+00  
  -1.34104994e+03  0.00000000e+00  
  -1.34662273e+03  0.00000000e+00  
  -1.33618763e+03  0.00000000e+00  
  -1.34355338e+03  0.00000000e+00  
  -1.35091913e+03  0.00000000e+00  
  -1.33701039e+03  0.00000000e+00  
  -1.34639322e+03  0.00000000e+00  
  -1.35577607e+03  0.00000000e+00  
  -1.33794542e+03  0.00000000e+00  
  -1.34956948e+03  0.00000000e+00  
  -1.36119354e+03  0.00000000e+00  
  -1.33899274e+03  0.00000000e+00  
  -1.35308213e+03  0.00000000e+00  
  -1.36717152e+03  0.00000000e+00  
  -1.34015235e+03  0.00000000e+00  
  -1.35693120e+03  0.00000000e+00  
  -1.37371004e+03  0.00000000e+00  
  -1.34142423e+03  0.00000000e+00  
  -1.36111666e+03  0.00000000e+00  
  -1.38080910e+03  0.00000000e+00  
  -1.34280840e+03  0.00000000e+00  
  -1.36563854e+03  0.00000000e+00  
  -1.38846867e+03  0.00000000e+00  
  -1.34430485e+03  0.00000000e+00  
  -1.37049681e+03  0.00000000e+00  
  -1.39668877e+03  0.00000000e+00  
  -1.34591359e+03  0.00000000e+00  
  -1.37569149e+03  0.00000000e+00  
  -1.40546940e+03  0.00000000e+00  
  -1.34763460e+03  0.00000000e+00  
  -1.38122258e+03  0.00000000e+00  
  -1.41481056e+03  0.00000000e+00  
  -1.34946790e+03  0.00000000e+00  
  -1.38709007e+03  0.00000000e+00  
  -1.42471224e+03  0.00000000e+00  
  -1.35141349e+03  0.00000000e+00  
  -1.39329397e+03  0.00000000e+00  
  -1.43517445e+03  0.00000000e+00  
  -1.35347135e+03  0.00000000e+00  
  -1.39983427e+03  0.00000000e+00  
  -1.44619719e+03  0.00000000e+00  
  -1.35564150e+03  0.00000000e+00  
  -1.40671098e+03  0.00000000e+00  
  -1.45778046e+03  0.00000000e+00  
  -1.35792393e+03  0.00000000e+00  
  -1.41392410e+03  0.00000000e+00  
  -1.46992425e+03  0.00000000e+00  
  -1.36031864e+03  0.00000000e+00  
  -1.42147361e+03  0.00000000e+00  
  -1.48262857e+03  0.00000000e+00  
  -1.36282563e+03  0.00000000e+00  
  -1.42935953e+03  0.00000000e+00  
  -1.49589342e+03  0.00000000e+00  
  