1.11355968e+10  
1.11355968e+10  
1.11355968e+10  
1.11343261e+10  
1.11343261e+10  
1.11343261e+10  
1.11331085e+10  
1.11331085e+10  
1.11331085e+10  
1.11319441e+10  
1.11319441e+10  
1.11319441e+10  
1.11308327e+10  
1.11308327e+10  
1.11308327e+10  
1.11297744e+10  
1.11297744e+10  
1.11297744e+10  
1.11287691e+10  
1.11287691e+10  
1.11287691e+10  
1.11278169e+10  
1.11278169e+10  
1.11278169e+10  
1.11269177e+10  
1.11269177e+10  
1.11269177e+10  
1.11260714e+10  
1.11260714e+10  
1.11260714e+10  
1.11252782e+10  
1.11252782e+10  
1.11252782e+10  
1.11245379e+10  
1.11245379e+10  
1.11245379e+10  
1.11238505e+10  
1.11238505e+10  
1.11238505e+10  
1.11232161e+10  
1.11232161e+10  
1.11232161e+10  
1.11226346e+10  
1.11226346e+10  
1.11226346e+10  
1.11221059e+10  
1.11221059e+10  
1.11221059e+10  
1.11216302e+10  
1.11216302e+10  
1.11216302e+10  
1.11212074e+10  
1.11212074e+10  
1.11212074e+10  
1.11208374e+10  
1.11208374e+10  
1.11208374e+10  
1.11205203e+10  
1.11205203e+10  
1.11205203e+10  
1.11202561e+10  
1.11202561e+10  
1.11202561e+10  
1.11200447e+10  
1.11200447e+10  
1.11200447e+10  
1.11198861e+10  
1.11198861e+10  
1.11198861e+10  
1.11197804e+10  
1.11197804e+10  
1.11197804e+10  
1.11197276e+10  
1.11197276e+10  
1.11197276e+10  
1.11197276e+10  
1.11197276e+10  
1.11197276e+10  
1.11197804e+10  
1.11197804e+10  
1.11197804e+10  
1.11198861e+10  
1.11198861e+10  
1.11198861e+10  
1.11200447e+10  
1.11200447e+10  
1.11200447e+10  
1.11202560e+10  
1.11202560e+10  
1.11202560e+10  
1.11205203e+10  
1.11205203e+10  
1.11205203e+10  
1.11208374e+10  
1.11208374e+10  
1.11208374e+10  
1.11212074e+10  
1.11212074e+10  
1.11212074e+10  
1.11216302e+10  
1.11216302e+10  
1.11216302e+10  
1.11221059e+10  
1.11221059e+10  
1.11221059e+10  
1.11226345e+10  
1.11226345e+10  
1.11226345e+10  
1.11232161e+10  
1.11232161e+10  
1.11232161e+10  
1.11238505e+10  
1.11238505e+10  
1.11238505e+10  
1.11245379e+10  
1.11245379e+10  
1.11245379e+10  
1.11252782e+10  
1.11252782e+10  
1.11252782e+10  
1.11260714e+10  
1.11260714e+10  
1.11260714e+10  
1.11269177e+10  
1.11269177e+10  
1.11269177e+10  
1.11278169e+10  
1.11278169e+10  
1.11278169e+10  
1.11287691e+10  
1.11287691e+10  
1.11287691e+10  
1.11297744e+10  
1.11297744e+10  
1.11297744e+10  
1.11308327e+10  
1.11308327e+10  
1.11308327e+10  
1.11319440e+10  
1.11319440e+10  
1.11319440e+10  
1.11331085e+10  
1.11331085e+10  
1.11331085e+10  
1.11343261e+10  
1.11343261e+10  
1.11343261e+10  
1.11355968e+10  
1.11355968e+10  
1.11355968e+10  
