1.20411377e+10  
1.20411377e+10  
1.20411377e+10  
1.20401233e+10  
1.20401233e+10  
1.20401233e+10  
1.20391512e+10  
1.20391512e+10  
1.20391512e+10  
1.20382216e+10  
1.20382216e+10  
1.20382216e+10  
1.20373342e+10  
1.20373342e+10  
1.20373342e+10  
1.20364892e+10  
1.20364892e+10  
1.20364892e+10  
1.20356866e+10  
1.20356866e+10  
1.20356866e+10  
1.20349262e+10  
1.20349262e+10  
1.20349262e+10  
1.20342081e+10  
1.20342081e+10  
1.20342081e+10  
1.20335324e+10  
1.20335324e+10  
1.20335324e+10  
1.20328989e+10  
1.20328989e+10  
1.20328989e+10  
1.20323077e+10  
1.20323077e+10  
1.20323077e+10  
1.20317588e+10  
1.20317588e+10  
1.20317588e+10  
1.20312521e+10  
1.20312521e+10  
1.20312521e+10  
1.20307877e+10  
1.20307877e+10  
1.20307877e+10  
1.20303655e+10  
1.20303655e+10  
1.20303655e+10  
1.20299855e+10  
1.20299855e+10  
1.20299855e+10  
1.20296478e+10  
1.20296478e+10  
1.20296478e+10  
1.20293523e+10  
1.20293523e+10  
1.20293523e+10  
1.20290990e+10  
1.20290990e+10  
1.20290990e+10  
1.20288880e+10  
1.20288880e+10  
1.20288880e+10  
1.20287191e+10  
1.20287191e+10  
1.20287191e+10  
1.20285925e+10  
1.20285925e+10  
1.20285925e+10  
1.20285081e+10  
1.20285081e+10  
1.20285081e+10  
1.20284659e+10  
1.20284659e+10  
1.20284659e+10  
1.20284659e+10  
1.20284659e+10  
1.20284659e+10  
1.20285081e+10  
1.20285081e+10  
1.20285081e+10  
1.20285925e+10  
1.20285925e+10  
1.20285925e+10  
1.20287191e+10  
1.20287191e+10  
1.20287191e+10  
1.20288879e+10  
1.20288879e+10  
1.20288879e+10  
1.20290990e+10  
1.20290990e+10  
1.20290990e+10  
1.20293523e+10  
1.20293523e+10  
1.20293523e+10  
1.20296478e+10  
1.20296478e+10  
1.20296478e+10  
1.20299855e+10  
1.20299855e+10  
1.20299855e+10  
1.20303654e+10  
1.20303654e+10  
1.20303654e+10  
1.20307876e+10  
1.20307876e+10  
1.20307876e+10  
1.20312521e+10  
1.20312521e+10  
1.20312521e+10  
1.20317587e+10  
1.20317587e+10  
1.20317587e+10  
1.20323077e+10  
1.20323077e+10  
1.20323077e+10  
1.20328989e+10  
1.20328989e+10  
1.20328989e+10  
1.20335323e+10  
1.20335323e+10  
1.20335323e+10  
1.20342081e+10  
1.20342081e+10  
1.20342081e+10  
1.20349261e+10  
1.20349261e+10  
1.20349261e+10  
1.20356865e+10  
1.20356865e+10  
1.20356865e+10  
1.20364892e+10  
1.20364892e+10  
1.20364892e+10  
1.20373342e+10  
1.20373342e+10  
1.20373342e+10  
1.20382215e+10  
1.20382215e+10  
1.20382215e+10  
1.20391512e+10  
1.20391512e+10  
1.20391512e+10  
1.20401232e+10  
1.20401232e+10  
1.20401232e+10  
1.20411376e+10  
1.20411376e+10  
1.20411376e+10  
