1.65900000e+03  1.52360000e+03  
  1.65900000e+03  1.52360000e+03  
  1.65900000e+03  1.52360000e+03  
  1.65900000e+03  1.52237358e+03  
  1.65900000e+03  1.52237358e+03  
  1.65900000e+03  1.52237358e+03  
  1.65900000e+03  1.52119824e+03  
  1.65900000e+03  1.52119824e+03  
  1.65900000e+03  1.52119824e+03  
  1.65900000e+03  1.52007396e+03  
  1.65900000e+03  1.52007396e+03  
  1.65900000e+03  1.52007396e+03  
  1.65900000e+03  1.51900074e+03  
  1.65900000e+03  1.51900074e+03  
  1.65900000e+03  1.51900074e+03  
  1.65900000e+03  1.51797859e+03  
  1.65900000e+03  1.51797859e+03  
  1.65900000e+03  1.51797859e+03  
  1.65900000e+03  1.51700751e+03  
  1.65900000e+03  1.51700751e+03  
  1.65900000e+03  1.51700751e+03  
  1.65900000e+03  1.51608748e+03  
  1.65900000e+03  1.51608749e+03  
  1.65900000e+03  1.51608749e+03  
  1.65900000e+03  1.51521852e+03  
  1.65900000e+03  1.51521852e+03  
  1.65900000e+03  1.51521852e+03  
  1.65900000e+03  1.51440064e+03  
  1.65900000e+03  1.51440064e+03  
  1.65900000e+03  1.51440064e+03  
  1.65900000e+03  1.51363382e+03  
  1.65900000e+03  1.51363382e+03  
  1.65900000e+03  1.51363382e+03  
  1.65900000e+03  1.51291807e+03  
  1.65900000e+03  1.51291807e+03  
  1.65900000e+03  1.51291807e+03  
  1.65900000e+03  1.51225338e+03  
  1.65900000e+03  1.51225339e+03  
  1.65900000e+03  1.51225339e+03  
  1.65900000e+03  1.51163977e+03  
  1.65900000e+03  1.51163977e+03  
  1.65900000e+03  1.51163977e+03  
  1.65900000e+03  1.51107723e+03  
  1.65900000e+03  1.51107723e+03  
  1.65900000e+03  1.51107723e+03  
  1.65900000e+03  1.51056576e+03  
  1.65900000e+03  1.51056576e+03  
  1.65900000e+03  1.51056576e+03  
  1.65900000e+03  1.51010536e+03  
  1.65900000e+03  1.51010536e+03  
  1.65900000e+03  1.51010536e+03  
  1.65900000e+03  1.50969603e+03  
  1.65900000e+03  1.50969603e+03  
  1.65900000e+03  1.50969604e+03  
  1.65900000e+03  1.50933778e+03  
  1.65900000e+03  1.50933778e+03  
  1.65900000e+03  1.50933778e+03  
  1.65900000e+03  1.50903060e+03  
  1.65900000e+03  1.50903060e+03  
  1.65900000e+03  1.50903061e+03  
  1.65900000e+03  1.50877450e+03  
  1.65900000e+03  1.50877450e+03  
  1.65900000e+03  1.50877450e+03  
  1.65900000e+03  1.50856947e+03  
  1.65900000e+03  1.50856947e+03  
  1.65900000e+03  1.50856947e+03  
  1.65900000e+03  1.50841552e+03  
  1.65900000e+03  1.50841552e+03  
  1.65900000e+03  1.50841552e+03  
  1.65900000e+03  1.50831264e+03  
  1.65900000e+03  1.50831264e+03  
  1.65900000e+03  1.50831265e+03  
  1.65900000e+03  1.50826085e+03  
  1.65900000e+03  1.50826085e+03  
  1.65900000e+03  1.50826085e+03  
  1.65900000e+03  1.50826013e+03  
  1.65900000e+03  1.50826013e+03  
  1.65900000e+03  1.50826013e+03  
  1.65900000e+03  1.50831048e+03  
  1.65900000e+03  1.50831049e+03  
  1.65900000e+03  1.50831049e+03  
  1.65900000e+03  1.50841192e+03  
  1.65900000e+03  1.50841192e+03  
  1.65900000e+03  1.50841193e+03  
  1.65900000e+03  1.50856444e+03  
  1.65900000e+03  1.50856444e+03  
  1.65900000e+03  1.50856444e+03  
  1.65900000e+03  1.50876804e+03  
  1.65900000e+03  1.50876804e+03  
  1.65900000e+03  1.50876804e+03  
  1.65900000e+03  1.50902272e+03  
  1.65900000e+03  1.50902272e+03  
  1.65900000e+03  1.50902272e+03  
  1.65900000e+03  1.50932848e+03  
  1.65900000e+03  1.50932849e+03  
  1.65900000e+03  1.50932849e+03  
  1.65900000e+03  1.50968533e+03  
  1.65900000e+03  1.50968533e+03  
  1.65900000e+03  1.50968534e+03  
  1.65900000e+03  1.51009326e+03  
  1.65900000e+03  1.51009326e+03  
  1.65900000e+03  1.51009327e+03  
  1.65900000e+03  1.51055228e+03  
  1.65900000e+03  1.51055228e+03  
  1.65900000e+03  1.51055228e+03  
  1.65900000e+03  1.51106238e+03  
  1.65900000e+03  1.51106238e+03  
  1.65900000e+03  1.51106238e+03  
  1.65900000e+03  1.51162356e+03  
  1.65900000e+03  1.51162356e+03  
  1.65900000e+03  1.51162356e+03  
  1.65900000e+03  1.51223583e+03  
  1.65900000e+03  1.51223583e+03  
  1.65900000e+03  1.51223583e+03  
  1.65900000e+03  1.51289919e+03  
  1.65900000e+03  1.51289919e+03  
  1.65900000e+03  1.51289919e+03  
  1.65900000e+03  1.51361363e+03  
  1.65900000e+03  1.51361363e+03  
  1.65900000e+03  1.51361364e+03  
  1.65900000e+03  1.51437917e+03  
  1.65900000e+03  1.51437917e+03  
  1.65900000e+03  1.51437917e+03  
  1.65900000e+03  1.51519579e+03  
  1.65900000e+03  1.51519579e+03  
  1.65900000e+03  1.51519579e+03  
  1.65900000e+03  1.51606351e+03  
  1.65900000e+03  1.51606351e+03  
  1.65900000e+03  1.51606351e+03  
  1.65900000e+03  1.51698231e+03  
  1.65900000e+03  1.51698232e+03  
  1.65900000e+03  1.51698232e+03  
  1.65900000e+03  1.51795221e+03  
  1.65900000e+03  1.51795221e+03  
  1.65900000e+03  1.51795221e+03  
  1.65900000e+03  1.51897319e+03  
  1.65900000e+03  1.51897320e+03  
  1.65900000e+03  1.51897320e+03  
  1.65900000e+03  1.52004527e+03  
  1.65900000e+03  1.52004527e+03  
  1.65900000e+03  1.52004528e+03  
  1.65900000e+03  1.52116844e+03  
  1.65900000e+03  1.52116845e+03  
  1.65900000e+03  1.52116845e+03  
  1.65900000e+03  1.52234271e+03  
  1.65900000e+03  1.52234271e+03  
  1.65900000e+03  1.52234272e+03  
  1.65900000e+03  1.52356807e+03  
  1.65900000e+03  1.52356807e+03  
  1.65900000e+03  1.52356808e+03  
  