1.12281269e+10  
1.12281269e+10  
1.12281269e+10  
1.12266109e+10  
1.12266109e+10  
1.12266109e+10  
1.12251584e+10  
1.12251584e+10  
1.12251584e+10  
1.12237693e+10  
1.12237693e+10  
1.12237693e+10  
1.12224436e+10  
1.12224436e+10  
1.12224436e+10  
1.12211812e+10  
1.12211812e+10  
1.12211812e+10  
1.12199821e+10  
1.12199821e+10  
1.12199821e+10  
1.12188462e+10  
1.12188462e+10  
1.12188462e+10  
1.12177737e+10  
1.12177737e+10  
1.12177737e+10  
1.12167643e+10  
1.12167643e+10  
1.12167643e+10  
1.12158182e+10  
1.12158182e+10  
1.12158182e+10  
1.12149352e+10  
1.12149352e+10  
1.12149352e+10  
1.12141154e+10  
1.12141154e+10  
1.12141154e+10  
1.12133587e+10  
1.12133587e+10  
1.12133587e+10  
1.12126652e+10  
1.12126652e+10  
1.12126652e+10  
1.12120348e+10  
1.12120348e+10  
1.12120348e+10  
1.12114674e+10  
1.12114674e+10  
1.12114674e+10  
1.12109631e+10  
1.12109631e+10  
1.12109631e+10  
1.12105219e+10  
1.12105219e+10  
1.12105219e+10  
1.12101437e+10  
1.12101437e+10  
1.12101437e+10  
1.12098286e+10  
1.12098286e+10  
1.12098286e+10  
1.12095765e+10  
1.12095765e+10  
1.12095765e+10  
1.12093874e+10  
1.12093874e+10  
1.12093874e+10  
1.12092614e+10  
1.12092614e+10  
1.12092614e+10  
1.12091984e+10  
1.12091984e+10  
1.12091984e+10  
1.12091984e+10  
1.12091984e+10  
1.12091984e+10  
1.12092614e+10  
1.12092614e+10  
1.12092614e+10  
1.12093874e+10  
1.12093874e+10  
1.12093874e+10  
1.12095765e+10  
1.12095765e+10  
1.12095765e+10  
1.12098286e+10  
1.12098286e+10  
1.12098286e+10  
1.12101437e+10  
1.12101437e+10  
1.12101437e+10  
1.12105219e+10  
1.12105219e+10  
1.12105219e+10  
1.12109631e+10  
1.12109631e+10  
1.12109631e+10  
1.12114674e+10  
1.12114674e+10  
1.12114674e+10  
1.12120347e+10  
1.12120347e+10  
1.12120347e+10  
1.12126652e+10  
1.12126652e+10  
1.12126652e+10  
1.12133587e+10  
1.12133587e+10  
1.12133587e+10  
1.12141154e+10  
1.12141154e+10  
1.12141154e+10  
1.12149352e+10  
1.12149352e+10  
1.12149352e+10  
1.12158182e+10  
1.12158182e+10  
1.12158182e+10  
1.12167643e+10  
1.12167643e+10  
1.12167643e+10  
1.12177737e+10  
1.12177737e+10  
1.12177737e+10  
1.12188462e+10  
1.12188462e+10  
1.12188462e+10  
1.12199820e+10  
1.12199820e+10  
1.12199820e+10  
1.12211811e+10  
1.12211811e+10  
1.12211811e+10  
1.12224435e+10  
1.12224435e+10  
1.12224435e+10  
1.12237693e+10  
1.12237693e+10  
1.12237693e+10  
1.12251584e+10  
1.12251584e+10  
1.12251584e+10  
1.12266109e+10  
1.12266109e+10  
1.12266109e+10  
1.12281268e+10  
1.12281268e+10  
1.12281268e+10  
