1.08760354e+10  
1.08760354e+10  
1.08760354e+10  
1.08756726e+10  
1.08756726e+10  
1.08756726e+10  
1.08753249e+10  
1.08753249e+10  
1.08753249e+10  
1.08749923e+10  
1.08749923e+10  
1.08749923e+10  
1.08746748e+10  
1.08746748e+10  
1.08746748e+10  
1.08743725e+10  
1.08743725e+10  
1.08743725e+10  
1.08740854e+10  
1.08740854e+10  
1.08740854e+10  
1.08738133e+10  
1.08738133e+10  
1.08738133e+10  
1.08735564e+10  
1.08735564e+10  
1.08735564e+10  
1.08733145e+10  
1.08733145e+10  
1.08733145e+10  
1.08730879e+10  
1.08730879e+10  
1.08730879e+10  
1.08728763e+10  
1.08728763e+10  
1.08728763e+10  
1.08726798e+10  
1.08726798e+10  
1.08726798e+10  
1.08724985e+10  
1.08724985e+10  
1.08724985e+10  
1.08723323e+10  
1.08723323e+10  
1.08723323e+10  
1.08721811e+10  
1.08721811e+10  
1.08721811e+10  
1.08720451e+10  
1.08720451e+10  
1.08720451e+10  
1.08719243e+10  
1.08719243e+10  
1.08719243e+10  
1.08718185e+10  
1.08718185e+10  
1.08718185e+10  
1.08717278e+10  
1.08717278e+10  
1.08717278e+10  
1.08716523e+10  
1.08716523e+10  
1.08716523e+10  
1.08715918e+10  
1.08715918e+10  
1.08715918e+10  
1.08715465e+10  
1.08715465e+10  
1.08715465e+10  
1.08715163e+10  
1.08715163e+10  
1.08715163e+10  
1.08715012e+10  
1.08715012e+10  
1.08715012e+10  
1.08715012e+10  
1.08715012e+10  
1.08715012e+10  
1.08715163e+10  
1.08715163e+10  
1.08715163e+10  
1.08715465e+10  
1.08715465e+10  
1.08715465e+10  
1.08715918e+10  
1.08715918e+10  
1.08715918e+10  
1.08716523e+10  
1.08716523e+10  
1.08716523e+10  
1.08717278e+10  
1.08717278e+10  
1.08717278e+10  
1.08718185e+10  
1.08718185e+10  
1.08718185e+10  
1.08719243e+10  
1.08719243e+10  
1.08719243e+10  
1.08720451e+10  
1.08720451e+10  
1.08720451e+10  
1.08721811e+10  
1.08721811e+10  
1.08721811e+10  
1.08723323e+10  
1.08723323e+10  
1.08723323e+10  
1.08724985e+10  
1.08724985e+10  
1.08724985e+10  
1.08726798e+10  
1.08726798e+10  
1.08726798e+10  
1.08728763e+10  
1.08728763e+10  
1.08728763e+10  
1.08730879e+10  
1.08730879e+10  
1.08730879e+10  
1.08733145e+10  
1.08733145e+10  
1.08733145e+10  
1.08735564e+10  
1.08735564e+10  
1.08735564e+10  
1.08738133e+10  
1.08738133e+10  
1.08738133e+10  
1.08740854e+10  
1.08740854e+10  
1.08740854e+10  
1.08743725e+10  
1.08743725e+10  
1.08743725e+10  
1.08746748e+10  
1.08746748e+10  
1.08746748e+10  
1.08749923e+10  
1.08749923e+10  
1.08749923e+10  
1.08753249e+10  
1.08753249e+10  
1.08753249e+10  
1.08756726e+10  
1.08756726e+10  
1.08756726e+10  
1.08760354e+10  
1.08760354e+10  
1.08760354e+10  
