1.15759312e+10  
1.15759312e+10  
1.15759312e+10  
1.15739606e+10  
1.15739606e+10  
1.15739606e+10  
1.15720726e+10  
1.15720726e+10  
1.15720726e+10  
1.15702671e+10  
1.15702671e+10  
1.15702671e+10  
1.15685440e+10  
1.15685440e+10  
1.15685440e+10  
1.15669033e+10  
1.15669033e+10  
1.15669033e+10  
1.15653450e+10  
1.15653450e+10  
1.15653450e+10  
1.15638689e+10  
1.15638689e+10  
1.15638689e+10  
1.15624751e+10  
1.15624751e+10  
1.15624751e+10  
1.15611635e+10  
1.15611635e+10  
1.15611635e+10  
1.15599340e+10  
1.15599340e+10  
1.15599340e+10  
1.15587867e+10  
1.15587867e+10  
1.15587867e+10  
1.15577215e+10  
1.15577215e+10  
1.15577215e+10  
1.15567383e+10  
1.15567383e+10  
1.15567383e+10  
1.15558372e+10  
1.15558372e+10  
1.15558372e+10  
1.15550181e+10  
1.15550181e+10  
1.15550181e+10  
1.15542809e+10  
1.15542809e+10  
1.15542809e+10  
1.15536257e+10  
1.15536257e+10  
1.15536257e+10  
1.15530525e+10  
1.15530525e+10  
1.15530525e+10  
1.15525612e+10  
1.15525612e+10  
1.15525612e+10  
1.15521518e+10  
1.15521518e+10  
1.15521518e+10  
1.15518243e+10  
1.15518243e+10  
1.15518243e+10  
1.15515786e+10  
1.15515786e+10  
1.15515786e+10  
1.15514149e+10  
1.15514149e+10  
1.15514149e+10  
1.15513330e+10  
1.15513330e+10  
1.15513330e+10  
1.15513330e+10  
1.15513330e+10  
1.15513330e+10  
1.15514149e+10  
1.15514149e+10  
1.15514149e+10  
1.15515786e+10  
1.15515786e+10  
1.15515786e+10  
1.15518242e+10  
1.15518242e+10  
1.15518242e+10  
1.15521517e+10  
1.15521517e+10  
1.15521517e+10  
1.15525612e+10  
1.15525612e+10  
1.15525612e+10  
1.15530525e+10  
1.15530525e+10  
1.15530525e+10  
1.15536257e+10  
1.15536257e+10  
1.15536257e+10  
1.15542809e+10  
1.15542809e+10  
1.15542809e+10  
1.15550180e+10  
1.15550180e+10  
1.15550180e+10  
1.15558371e+10  
1.15558371e+10  
1.15558371e+10  
1.15567383e+10  
1.15567383e+10  
1.15567383e+10  
1.15577214e+10  
1.15577214e+10  
1.15577214e+10  
1.15587867e+10  
1.15587867e+10  
1.15587867e+10  
1.15599340e+10  
1.15599340e+10  
1.15599340e+10  
1.15611634e+10  
1.15611634e+10  
1.15611634e+10  
1.15624750e+10  
1.15624750e+10  
1.15624750e+10  
1.15638688e+10  
1.15638688e+10  
1.15638688e+10  
1.15653449e+10  
1.15653449e+10  
1.15653449e+10  
1.15669033e+10  
1.15669033e+10  
1.15669033e+10  
1.15685439e+10  
1.15685439e+10  
1.15685439e+10  
1.15702670e+10  
1.15702670e+10  
1.15702670e+10  
1.15720725e+10  
1.15720725e+10  
1.15720725e+10  
1.15739605e+10  
1.15739605e+10  
1.15739605e+10  
1.15759311e+10  
1.15759311e+10  
1.15759311e+10  
