1.29275178e+10  
1.29275178e+10  
1.29275178e+10  
1.29377668e+10  
1.29377668e+10  
1.29377668e+10  
1.29475990e+10  
1.29475990e+10  
1.29475990e+10  
1.29570133e+10  
1.29570133e+10  
1.29570133e+10  
1.29660083e+10  
1.29660083e+10  
1.29660083e+10  
1.29745828e+10  
1.29745828e+10  
1.29745828e+10  
1.29827358e+10  
1.29827358e+10  
1.29827358e+10  
1.29904661e+10  
1.29904661e+10  
1.29904661e+10  
1.29977726e+10  
1.29977726e+10  
1.29977726e+10  
1.30046544e+10  
1.30046544e+10  
1.30046544e+10  
1.30111106e+10  
1.30111106e+10  
1.30111106e+10  
1.30171403e+10  
1.30171403e+10  
1.30171403e+10  
1.30227427e+10  
1.30227427e+10  
1.30227427e+10  
1.30279171e+10  
1.30279171e+10  
1.30279171e+10  
1.30326627e+10  
1.30326627e+10  
1.30326627e+10  
1.30369789e+10  
1.30369789e+10  
1.30369789e+10  
1.30408652e+10  
1.30408652e+10  
1.30408652e+10  
1.30443210e+10  
1.30443210e+10  
1.30443210e+10  
1.30473458e+10  
1.30473458e+10  
1.30473458e+10  
1.30499392e+10  
1.30499392e+10  
1.30499392e+10  
1.30521010e+10  
1.30521010e+10  
1.30521010e+10  
1.30538307e+10  
1.30538307e+10  
1.30538307e+10  
1.30551283e+10  
1.30551283e+10  
1.30551283e+10  
1.30559934e+10  
1.30559934e+10  
1.30559934e+10  
1.30564260e+10  
1.30564260e+10  
1.30564260e+10  
1.30564260e+10  
1.30564260e+10  
1.30564260e+10  
1.30559935e+10  
1.30559935e+10  
1.30559935e+10  
1.30551284e+10  
1.30551284e+10  
1.30551284e+10  
1.30538309e+10  
1.30538309e+10  
1.30538309e+10  
1.30521012e+10  
1.30521012e+10  
1.30521012e+10  
1.30499395e+10  
1.30499395e+10  
1.30499395e+10  
1.30473460e+10  
1.30473460e+10  
1.30473460e+10  
1.30443213e+10  
1.30443213e+10  
1.30443213e+10  
1.30408655e+10  
1.30408655e+10  
1.30408655e+10  
1.30369793e+10  
1.30369793e+10  
1.30369793e+10  
1.30326631e+10  
1.30326631e+10  
1.30326631e+10  
1.30279176e+10  
1.30279176e+10  
1.30279176e+10  
1.30227433e+10  
1.30227433e+10  
1.30227433e+10  
1.30171409e+10  
1.30171409e+10  
1.30171409e+10  
1.30111112e+10  
1.30111112e+10  
1.30111112e+10  
1.30046551e+10  
1.30046551e+10  
1.30046551e+10  
1.29977733e+10  
1.29977733e+10  
1.29977733e+10  
1.29904668e+10  
1.29904668e+10  
1.29904668e+10  
1.29827366e+10  
1.29827366e+10  
1.29827366e+10  
1.29745837e+10  
1.29745837e+10  
1.29745837e+10  
1.29660092e+10  
1.29660092e+10  
1.29660092e+10  
1.29570142e+10  
1.29570142e+10  
1.29570142e+10  
1.29476000e+10  
1.29476000e+10  
1.29476000e+10  
1.29377678e+10  
1.29377678e+10  
1.29377678e+10  
1.29275189e+10  
1.29275189e+10  
1.29275189e+10  
