1.09839191e+10  
1.09839191e+10  
1.09839191e+10  
1.09831428e+10  
1.09831428e+10  
1.09831428e+10  
1.09823989e+10  
1.09823989e+10  
1.09823989e+10  
1.09816874e+10  
1.09816874e+10  
1.09816874e+10  
1.09810082e+10  
1.09810082e+10  
1.09810082e+10  
1.09803615e+10  
1.09803615e+10  
1.09803615e+10  
1.09797472e+10  
1.09797472e+10  
1.09797472e+10  
1.09791653e+10  
1.09791653e+10  
1.09791653e+10  
1.09786157e+10  
1.09786157e+10  
1.09786157e+10  
1.09780985e+10  
1.09780985e+10  
1.09780985e+10  
1.09776136e+10  
1.09776136e+10  
1.09776136e+10  
1.09771611e+10  
1.09771611e+10  
1.09771611e+10  
1.09767409e+10  
1.09767409e+10  
1.09767409e+10  
1.09763531e+10  
1.09763531e+10  
1.09763531e+10  
1.09759976e+10  
1.09759976e+10  
1.09759976e+10  
1.09756745e+10  
1.09756745e+10  
1.09756745e+10  
1.09753837e+10  
1.09753837e+10  
1.09753837e+10  
1.09751252e+10  
1.09751252e+10  
1.09751252e+10  
1.09748990e+10  
1.09748990e+10  
1.09748990e+10  
1.09747051e+10  
1.09747051e+10  
1.09747051e+10  
1.09745436e+10  
1.09745436e+10  
1.09745436e+10  
1.09744143e+10  
1.09744143e+10  
1.09744143e+10  
1.09743174e+10  
1.09743174e+10  
1.09743174e+10  
1.09742528e+10  
1.09742528e+10  
1.09742528e+10  
1.09742205e+10  
1.09742205e+10  
1.09742205e+10  
1.09742205e+10  
1.09742205e+10  
1.09742205e+10  
1.09742528e+10  
1.09742528e+10  
1.09742528e+10  
1.09743174e+10  
1.09743174e+10  
1.09743174e+10  
1.09744143e+10  
1.09744143e+10  
1.09744143e+10  
1.09745436e+10  
1.09745436e+10  
1.09745436e+10  
1.09747051e+10  
1.09747051e+10  
1.09747051e+10  
1.09748990e+10  
1.09748990e+10  
1.09748990e+10  
1.09751252e+10  
1.09751252e+10  
1.09751252e+10  
1.09753837e+10  
1.09753837e+10  
1.09753837e+10  
1.09756745e+10  
1.09756745e+10  
1.09756745e+10  
1.09759976e+10  
1.09759976e+10  
1.09759976e+10  
1.09763531e+10  
1.09763531e+10  
1.09763531e+10  
1.09767409e+10  
1.09767409e+10  
1.09767409e+10  
1.09771611e+10  
1.09771611e+10  
1.09771611e+10  
1.09776136e+10  
1.09776136e+10  
1.09776136e+10  
1.09780985e+10  
1.09780985e+10  
1.09780985e+10  
1.09786157e+10  
1.09786157e+10  
1.09786157e+10  
1.09791653e+10  
1.09791653e+10  
1.09791653e+10  
1.09797472e+10  
1.09797472e+10  
1.09797472e+10  
1.09803615e+10  
1.09803615e+10  
1.09803615e+10  
1.09810082e+10  
1.09810082e+10  
1.09810082e+10  
1.09816873e+10  
1.09816873e+10  
1.09816873e+10  
1.09823989e+10  
1.09823989e+10  
1.09823989e+10  
1.09831428e+10  
1.09831428e+10  
1.09831428e+10  
1.09839191e+10  
1.09839191e+10  
1.09839191e+10  
