1.24326556e+10  
1.24326556e+10  
1.24326556e+10  
1.24345022e+10  
1.24345022e+10  
1.24345022e+10  
1.24362721e+10  
1.24362721e+10  
1.24362721e+10  
1.24379654e+10  
1.24379654e+10  
1.24379654e+10  
1.24395821e+10  
1.24395821e+10  
1.24395821e+10  
1.24411220e+10  
1.24411220e+10  
1.24411220e+10  
1.24425852e+10  
1.24425852e+10  
1.24425852e+10  
1.24439716e+10  
1.24439716e+10  
1.24439716e+10  
1.24452811e+10  
1.24452811e+10  
1.24452811e+10  
1.24465138e+10  
1.24465138e+10  
1.24465138e+10  
1.24476696e+10  
1.24476696e+10  
1.24476696e+10  
1.24487485e+10  
1.24487485e+10  
1.24487485e+10  
1.24497505e+10  
1.24497505e+10  
1.24497505e+10  
1.24506754e+10  
1.24506754e+10  
1.24506754e+10  
1.24515234e+10  
1.24515234e+10  
1.24515234e+10  
1.24522943e+10  
1.24522943e+10  
1.24522943e+10  
1.24529882e+10  
1.24529882e+10  
1.24529882e+10  
1.24536051e+10  
1.24536051e+10  
1.24536051e+10  
1.24541449e+10  
1.24541449e+10  
1.24541449e+10  
1.24546076e+10  
1.24546076e+10  
1.24546076e+10  
1.24549932e+10  
1.24549932e+10  
1.24549932e+10  
1.24553017e+10  
1.24553017e+10  
1.24553017e+10  
1.24555330e+10  
1.24555330e+10  
1.24555330e+10  
1.24556873e+10  
1.24556873e+10  
1.24556873e+10  
1.24557644e+10  
1.24557644e+10  
1.24557644e+10  
1.24557644e+10  
1.24557644e+10  
1.24557644e+10  
1.24556873e+10  
1.24556873e+10  
1.24556873e+10  
1.24555331e+10  
1.24555331e+10  
1.24555331e+10  
1.24553017e+10  
1.24553017e+10  
1.24553017e+10  
1.24549932e+10  
1.24549932e+10  
1.24549932e+10  
1.24546076e+10  
1.24546076e+10  
1.24546076e+10  
1.24541449e+10  
1.24541449e+10  
1.24541449e+10  
1.24536051e+10  
1.24536051e+10  
1.24536051e+10  
1.24529883e+10  
1.24529883e+10  
1.24529883e+10  
1.24522944e+10  
1.24522944e+10  
1.24522944e+10  
1.24515235e+10  
1.24515235e+10  
1.24515235e+10  
1.24506755e+10  
1.24506755e+10  
1.24506755e+10  
1.24497505e+10  
1.24497505e+10  
1.24497505e+10  
1.24487486e+10  
1.24487486e+10  
1.24487486e+10  
1.24476697e+10  
1.24476697e+10  
1.24476697e+10  
1.24465139e+10  
1.24465139e+10  
1.24465139e+10  
1.24452812e+10  
1.24452812e+10  
1.24452812e+10  
1.24439717e+10  
1.24439717e+10  
1.24439717e+10  
1.24425853e+10  
1.24425853e+10  
1.24425853e+10  
1.24411221e+10  
1.24411221e+10  
1.24411221e+10  
1.24395822e+10  
1.24395822e+10  
1.24395822e+10  
1.24379656e+10  
1.24379656e+10  
1.24379656e+10  
1.24362722e+10  
1.24362722e+10  
1.24362722e+10  
1.24345023e+10  
1.24345023e+10  
1.24345023e+10  
1.24326558e+10  
1.24326558e+10  
1.24326558e+10  
