1.32601918e+10  
1.32601918e+10  
1.32601918e+10  
1.32817556e+10  
1.32817556e+10  
1.32817556e+10  
1.33024651e+10  
1.33024651e+10  
1.33024651e+10  
1.33223149e+10  
1.33223149e+10  
1.33223149e+10  
1.33412997e+10  
1.33412997e+10  
1.33412997e+10  
1.33594143e+10  
1.33594143e+10  
1.33594143e+10  
1.33766538e+10  
1.33766538e+10  
1.33766538e+10  
1.33930136e+10  
1.33930136e+10  
1.33930136e+10  
1.34084893e+10  
1.34084893e+10  
1.34084893e+10  
1.34230766e+10  
1.34230766e+10  
1.34230766e+10  
1.34367715e+10  
1.34367715e+10  
1.34367715e+10  
1.34495703e+10  
1.34495703e+10  
1.34495703e+10  
1.34614696e+10  
1.34614696e+10  
1.34614696e+10  
1.34724661e+10  
1.34724661e+10  
1.34724661e+10  
1.34825569e+10  
1.34825569e+10  
1.34825569e+10  
1.34917391e+10  
1.34917391e+10  
1.34917391e+10  
1.35000103e+10  
1.35000103e+10  
1.35000103e+10  
1.35073682e+10  
1.35073682e+10  
1.35073682e+10  
1.35138107e+10  
1.35138107e+10  
1.35138107e+10  
1.35193362e+10  
1.35193362e+10  
1.35193362e+10  
1.35239430e+10  
1.35239430e+10  
1.35239430e+10  
1.35276301e+10  
1.35276301e+10  
1.35276301e+10  
1.35303962e+10  
1.35303962e+10  
1.35303962e+10  
1.35322408e+10  
1.35322408e+10  
1.35322408e+10  
1.35331632e+10  
1.35331632e+10  
1.35331632e+10  
1.35331633e+10  
1.35331633e+10  
1.35331633e+10  
1.35322409e+10  
1.35322409e+10  
1.35322409e+10  
1.35303965e+10  
1.35303965e+10  
1.35303965e+10  
1.35276304e+10  
1.35276304e+10  
1.35276304e+10  
1.35239435e+10  
1.35239435e+10  
1.35239435e+10  
1.35193367e+10  
1.35193367e+10  
1.35193367e+10  
1.35138113e+10  
1.35138113e+10  
1.35138113e+10  
1.35073688e+10  
1.35073688e+10  
1.35073688e+10  
1.35000111e+10  
1.35000111e+10  
1.35000111e+10  
1.34917400e+10  
1.34917400e+10  
1.34917400e+10  
1.34825579e+10  
1.34825579e+10  
1.34825579e+10  
1.34724673e+10  
1.34724673e+10  
1.34724673e+10  
1.34614708e+10  
1.34614708e+10  
1.34614708e+10  
1.34495716e+10  
1.34495716e+10  
1.34495716e+10  
1.34367729e+10  
1.34367729e+10  
1.34367729e+10  
1.34230781e+10  
1.34230781e+10  
1.34230781e+10  
1.34084909e+10  
1.34084909e+10  
1.34084909e+10  
1.33930153e+10  
1.33930153e+10  
1.33930154e+10  
1.33766556e+10  
1.33766556e+10  
1.33766556e+10  
1.33594162e+10  
1.33594162e+10  
1.33594162e+10  
1.33413017e+10  
1.33413017e+10  
1.33413017e+10  
1.33223170e+10  
1.33223170e+10  
1.33223170e+10  
1.33024673e+10  
1.33024673e+10  
1.33024673e+10  
1.32817579e+10  
1.32817579e+10  
1.32817579e+10  
1.32601944e+10  
1.32601944e+10  
1.32601944e+10  
