1.35856230e+10  
1.35856230e+10  
1.35856227e+10  
1.36150178e+10  
1.36150175e+10  
1.36150178e+10  
1.36432742e+10  
1.36432740e+10  
1.36432737e+10  
1.36703818e+10  
1.36703816e+10  
1.36703816e+10  
1.36963317e+10  
1.36963316e+10  
1.36963314e+10  
1.37211147e+10  
1.37211145e+10  
1.37211144e+10  
1.37447216e+10  
1.37447215e+10  
1.37447216e+10  
1.37671444e+10  
1.37671443e+10  
1.37671442e+10  
1.37883754e+10  
1.37883754e+10  
1.37883753e+10  
1.38084063e+10  
1.38084062e+10  
1.38084063e+10  
1.38272307e+10  
1.38272307e+10  
1.38272306e+10  
1.38448414e+10  
1.38448414e+10  
1.38448414e+10  
1.38612323e+10  
1.38612323e+10  
1.38612323e+10  
1.38763976e+10  
1.38763976e+10  
1.38763977e+10  
1.38903318e+10  
1.38903318e+10  
1.38903320e+10  
1.39030302e+10  
1.39030302e+10  
1.39030303e+10  
1.39144877e+10  
1.39144878e+10  
1.39144878e+10  
1.39247005e+10  
1.39247006e+10  
1.39247007e+10  
1.39336650e+10  
1.39336651e+10  
1.39336652e+10  
1.39413780e+10  
1.39413780e+10  
1.39413781e+10  
1.39478365e+10  
1.39478366e+10  
1.39478367e+10  
1.39530384e+10  
1.39530385e+10  
1.39530386e+10  
1.39569817e+10  
1.39569818e+10  
1.39569819e+10  
1.39596651e+10  
1.39596652e+10  
1.39596653e+10  
1.39610876e+10  
1.39610877e+10  
1.39610878e+10  
1.39612486e+10  
1.39612487e+10  
1.39612488e+10  
1.39601481e+10  
1.39601483e+10  
1.39601484e+10  
1.39577866e+10  
1.39577867e+10  
1.39577868e+10  
1.39541648e+10  
1.39541649e+10  
1.39541651e+10  
1.39492842e+10  
1.39492843e+10  
1.39492844e+10  
1.39431464e+10  
1.39431465e+10  
1.39431465e+10  
1.39357535e+10  
1.39357536e+10  
1.39357537e+10  
1.39271084e+10  
1.39271085e+10  
1.39271086e+10  
1.39172141e+10  
1.39172142e+10  
1.39172142e+10  
1.39060743e+10  
1.39060743e+10  
1.39060744e+10  
1.38936928e+10  
1.38936929e+10  
1.38936929e+10  
1.38800743e+10  
1.38800743e+10  
1.38800744e+10  
1.38652234e+10  
1.38652234e+10  
1.38652234e+10  
1.38491455e+10  
1.38491454e+10  
1.38491454e+10  
1.38318465e+10  
1.38318464e+10  
1.38318464e+10  
1.38133325e+10  
1.38133324e+10  
1.38133323e+10  
1.37936100e+10  
1.37936097e+10  
1.37936096e+10  
1.37726857e+10  
1.37726856e+10  
1.37726857e+10  
1.37505681e+10  
1.37505679e+10  
1.37505678e+10  
1.37272641e+10  
1.37272639e+10  
1.37272638e+10  
1.37027823e+10  
1.37027821e+10  
1.37027819e+10  
1.36771315e+10  
1.36771310e+10  
1.36771308e+10  
1.36503203e+10  
1.36503201e+10  
1.36503199e+10  
1.36223588e+10  
1.36223585e+10  
1.36223582e+10  
1.35932564e+10  
1.35932558e+10  
1.35932555e+10  
