1.08114141e+10  
1.08114141e+10  
1.08114141e+10  
1.08113209e+10  
1.08113209e+10  
1.08113209e+10  
1.08112316e+10  
1.08112316e+10  
1.08112316e+10  
1.08111461e+10  
1.08111461e+10  
1.08111461e+10  
1.08110646e+10  
1.08110646e+10  
1.08110646e+10  
1.08109869e+10  
1.08109869e+10  
1.08109869e+10  
1.08109131e+10  
1.08109131e+10  
1.08109131e+10  
1.08108432e+10  
1.08108432e+10  
1.08108432e+10  
1.08107772e+10  
1.08107772e+10  
1.08107772e+10  
1.08107151e+10  
1.08107151e+10  
1.08107151e+10  
1.08106569e+10  
1.08106569e+10  
1.08106569e+10  
1.08106025e+10  
1.08106025e+10  
1.08106025e+10  
1.08105520e+10  
1.08105520e+10  
1.08105520e+10  
1.08105054e+10  
1.08105054e+10  
1.08105054e+10  
1.08104627e+10  
1.08104627e+10  
1.08104627e+10  
1.08104239e+10  
1.08104239e+10  
1.08104239e+10  
1.08103889e+10  
1.08103889e+10  
1.08103889e+10  
1.08103579e+10  
1.08103579e+10  
1.08103579e+10  
1.08103307e+10  
1.08103307e+10  
1.08103307e+10  
1.08103074e+10  
1.08103074e+10  
1.08103074e+10  
1.08102880e+10  
1.08102880e+10  
1.08102880e+10  
1.08102724e+10  
1.08102724e+10  
1.08102724e+10  
1.08102608e+10  
1.08102608e+10  
1.08102608e+10  
1.08102530e+10  
1.08102530e+10  
1.08102530e+10  
1.08102491e+10  
1.08102491e+10  
1.08102491e+10  
1.08102491e+10  
1.08102491e+10  
1.08102491e+10  
1.08102530e+10  
1.08102530e+10  
1.08102530e+10  
1.08102608e+10  
1.08102608e+10  
1.08102608e+10  
1.08102724e+10  
1.08102724e+10  
1.08102724e+10  
1.08102880e+10  
1.08102880e+10  
1.08102880e+10  
1.08103074e+10  
1.08103074e+10  
1.08103074e+10  
1.08103307e+10  
1.08103307e+10  
1.08103307e+10  
1.08103579e+10  
1.08103579e+10  
1.08103579e+10  
1.08103889e+10  
1.08103889e+10  
1.08103889e+10  
1.08104239e+10  
1.08104239e+10  
1.08104239e+10  
1.08104627e+10  
1.08104627e+10  
1.08104627e+10  
1.08105054e+10  
1.08105054e+10  
1.08105054e+10  
1.08105520e+10  
1.08105520e+10  
1.08105520e+10  
1.08106025e+10  
1.08106025e+10  
1.08106025e+10  
1.08106569e+10  
1.08106569e+10  
1.08106569e+10  
1.08107151e+10  
1.08107151e+10  
1.08107151e+10  
1.08107772e+10  
1.08107772e+10  
1.08107772e+10  
1.08108432e+10  
1.08108432e+10  
1.08108432e+10  
1.08109131e+10  
1.08109131e+10  
1.08109131e+10  
1.08109869e+10  
1.08109869e+10  
1.08109869e+10  
1.08110646e+10  
1.08110646e+10  
1.08110646e+10  
1.08111461e+10  
1.08111461e+10  
1.08111461e+10  
1.08112316e+10  
1.08112316e+10  
1.08112316e+10  
1.08113209e+10  
1.08113209e+10  
1.08113209e+10  
1.08114141e+10  
1.08114141e+10  
1.08114141e+10  
