1.22272770e+10  
1.22272770e+10  
1.22272770e+10  
1.22273346e+10  
1.22273346e+10  
1.22273346e+10  
1.22273897e+10  
1.22273897e+10  
1.22273897e+10  
1.22274425e+10  
1.22274425e+10  
1.22274425e+10  
1.22274929e+10  
1.22274929e+10  
1.22274929e+10  
1.22275409e+10  
1.22275409e+10  
1.22275409e+10  
1.22275864e+10  
1.22275864e+10  
1.22275864e+10  
1.22276296e+10  
1.22276296e+10  
1.22276296e+10  
1.22276704e+10  
1.22276704e+10  
1.22276704e+10  
1.22277088e+10  
1.22277088e+10  
1.22277088e+10  
1.22277447e+10  
1.22277447e+10  
1.22277447e+10  
1.22277783e+10  
1.22277783e+10  
1.22277783e+10  
1.22278095e+10  
1.22278095e+10  
1.22278095e+10  
1.22278383e+10  
1.22278383e+10  
1.22278383e+10  
1.22278647e+10  
1.22278647e+10  
1.22278647e+10  
1.22278887e+10  
1.22278887e+10  
1.22278887e+10  
1.22279102e+10  
1.22279102e+10  
1.22279102e+10  
1.22279294e+10  
1.22279294e+10  
1.22279294e+10  
1.22279462e+10  
1.22279462e+10  
1.22279462e+10  
1.22279606e+10  
1.22279606e+10  
1.22279606e+10  
1.22279726e+10  
1.22279726e+10  
1.22279726e+10  
1.22279822e+10  
1.22279822e+10  
1.22279822e+10  
1.22279894e+10  
1.22279894e+10  
1.22279894e+10  
1.22279942e+10  
1.22279942e+10  
1.22279942e+10  
1.22279966e+10  
1.22279966e+10  
1.22279966e+10  
1.22279966e+10  
1.22279966e+10  
1.22279966e+10  
1.22279942e+10  
1.22279942e+10  
1.22279942e+10  
1.22279894e+10  
1.22279894e+10  
1.22279894e+10  
1.22279822e+10  
1.22279822e+10  
1.22279822e+10  
1.22279726e+10  
1.22279726e+10  
1.22279726e+10  
1.22279606e+10  
1.22279606e+10  
1.22279606e+10  
1.22279462e+10  
1.22279462e+10  
1.22279462e+10  
1.22279294e+10  
1.22279294e+10  
1.22279294e+10  
1.22279103e+10  
1.22279103e+10  
1.22279103e+10  
1.22278887e+10  
1.22278887e+10  
1.22278887e+10  
1.22278647e+10  
1.22278647e+10  
1.22278647e+10  
1.22278383e+10  
1.22278383e+10  
1.22278383e+10  
1.22278095e+10  
1.22278095e+10  
1.22278095e+10  
1.22277783e+10  
1.22277783e+10  
1.22277783e+10  
1.22277447e+10  
1.22277447e+10  
1.22277447e+10  
1.22277088e+10  
1.22277088e+10  
1.22277088e+10  
1.22276704e+10  
1.22276704e+10  
1.22276704e+10  
1.22276296e+10  
1.22276296e+10  
1.22276296e+10  
1.22275864e+10  
1.22275864e+10  
1.22275864e+10  
1.22275409e+10  
1.22275409e+10  
1.22275409e+10  
1.22274929e+10  
1.22274929e+10  
1.22274929e+10  
1.22274425e+10  
1.22274425e+10  
1.22274425e+10  
1.22273897e+10  
1.22273897e+10  
1.22273897e+10  
1.22273346e+10  
1.22273346e+10  
1.22273346e+10  
1.22272770e+10  
1.22272770e+10  
1.22272770e+10  
