1.08383304e+10  
1.08383304e+10  
1.08383304e+10  
1.08381230e+10  
1.08381230e+10  
1.08381230e+10  
1.08379242e+10  
1.08379242e+10  
1.08379242e+10  
1.08377341e+10  
1.08377341e+10  
1.08377341e+10  
1.08375526e+10  
1.08375526e+10  
1.08375526e+10  
1.08373798e+10  
1.08373798e+10  
1.08373798e+10  
1.08372156e+10  
1.08372156e+10  
1.08372156e+10  
1.08370601e+10  
1.08370601e+10  
1.08370601e+10  
1.08369132e+10  
1.08369132e+10  
1.08369132e+10  
1.08367750e+10  
1.08367750e+10  
1.08367750e+10  
1.08366454e+10  
1.08366454e+10  
1.08366454e+10  
1.08365244e+10  
1.08365244e+10  
1.08365244e+10  
1.08364121e+10  
1.08364121e+10  
1.08364121e+10  
1.08363084e+10  
1.08363084e+10  
1.08363084e+10  
1.08362134e+10  
1.08362134e+10  
1.08362134e+10  
1.08361270e+10  
1.08361270e+10  
1.08361270e+10  
1.08360492e+10  
1.08360492e+10  
1.08360492e+10  
1.08359801e+10  
1.08359801e+10  
1.08359801e+10  
1.08359197e+10  
1.08359197e+10  
1.08359197e+10  
1.08358678e+10  
1.08358678e+10  
1.08358678e+10  
1.08358246e+10  
1.08358246e+10  
1.08358246e+10  
1.08357901e+10  
1.08357901e+10  
1.08357901e+10  
1.08357642e+10  
1.08357642e+10  
1.08357642e+10  
1.08357469e+10  
1.08357469e+10  
1.08357469e+10  
1.08357382e+10  
1.08357382e+10  
1.08357382e+10  
1.08357382e+10  
1.08357382e+10  
1.08357382e+10  
1.08357469e+10  
1.08357469e+10  
1.08357469e+10  
1.08357642e+10  
1.08357642e+10  
1.08357642e+10  
1.08357901e+10  
1.08357901e+10  
1.08357901e+10  
1.08358246e+10  
1.08358246e+10  
1.08358246e+10  
1.08358678e+10  
1.08358678e+10  
1.08358678e+10  
1.08359197e+10  
1.08359197e+10  
1.08359197e+10  
1.08359801e+10  
1.08359801e+10  
1.08359801e+10  
1.08360492e+10  
1.08360492e+10  
1.08360492e+10  
1.08361270e+10  
1.08361270e+10  
1.08361270e+10  
1.08362134e+10  
1.08362134e+10  
1.08362134e+10  
1.08363084e+10  
1.08363084e+10  
1.08363084e+10  
1.08364121e+10  
1.08364121e+10  
1.08364121e+10  
1.08365244e+10  
1.08365244e+10  
1.08365244e+10  
1.08366454e+10  
1.08366454e+10  
1.08366454e+10  
1.08367750e+10  
1.08367750e+10  
1.08367750e+10  
1.08369132e+10  
1.08369132e+10  
1.08369132e+10  
1.08370601e+10  
1.08370601e+10  
1.08370601e+10  
1.08372156e+10  
1.08372156e+10  
1.08372156e+10  
1.08373798e+10  
1.08373798e+10  
1.08373798e+10  
1.08375526e+10  
1.08375526e+10  
1.08375526e+10  
1.08377341e+10  
1.08377341e+10  
1.08377341e+10  
1.08379242e+10  
1.08379242e+10  
1.08379242e+10  
1.08381230e+10  
1.08381230e+10  
1.08381230e+10  
1.08383304e+10  
1.08383304e+10  
1.08383304e+10  
