-4.46075455e+01  0.00000000e+00  
  -4.46060230e+01  0.00000000e+00  
  -4.46045006e+01  0.00000000e+00  
  -4.46990729e+01  0.00000000e+00  
  -4.46977155e+01  0.00000000e+00  
  -4.46963580e+01  0.00000000e+00  
  -4.47869866e+01  0.00000000e+00  
  -4.47857872e+01  0.00000000e+00  
  -4.47845877e+01  0.00000000e+00  
  -4.48712874e+01  0.00000000e+00  
  -4.48702390e+01  0.00000000e+00  
  -4.48691906e+01  0.00000000e+00  
  -4.49519753e+01  0.00000000e+00  
  -4.49510710e+01  0.00000000e+00  
  -4.49501666e+01  0.00000000e+00  
  -4.50290503e+01  0.00000000e+00  
  -4.50282829e+01  0.00000000e+00  
  -4.50275156e+01  0.00000000e+00  
  -4.51025122e+01  0.00000000e+00  
  -4.51018749e+01  0.00000000e+00  
  -4.51012376e+01  0.00000000e+00  
  -4.51723610e+01  0.00000000e+00  
  -4.51718468e+01  0.00000000e+00  
  -4.51713325e+01  0.00000000e+00  
  -4.52385974e+01  0.00000000e+00  
  -4.52381992e+01  0.00000000e+00  
  -4.52378010e+01  0.00000000e+00  
  -4.53012199e+01  0.00000000e+00  
  -4.53009308e+01  0.00000000e+00  
  -4.53006417e+01  0.00000000e+00  
  -4.53602292e+01  0.00000000e+00  
  -4.53600422e+01  0.00000000e+00  
  -4.53598551e+01  0.00000000e+00  
  -4.54156253e+01  0.00000000e+00  
  -4.54155333e+01  0.00000000e+00  
  -4.54154413e+01  0.00000000e+00  
  -4.54674080e+01  0.00000000e+00  
  -4.54674041e+01  0.00000000e+00  
  -4.54674003e+01  0.00000000e+00  
  -4.55155774e+01  0.00000000e+00  
  -4.55156546e+01  0.00000000e+00  
  -4.55157318e+01  0.00000000e+00  
  -4.55601333e+01  0.00000000e+00  
  -4.55602847e+01  0.00000000e+00  
  -4.55604360e+01  0.00000000e+00  
  -4.56010762e+01  0.00000000e+00  
  -4.56012947e+01  0.00000000e+00  
  -4.56015131e+01  0.00000000e+00  
  -4.56384052e+01  0.00000000e+00  
  -4.56386838e+01  0.00000000e+00  
  -4.56389623e+01  0.00000000e+00  
  -4.56721206e+01  0.00000000e+00  
  -4.56724523e+01  0.00000000e+00  
  -4.56727840e+01  0.00000000e+00  
  -4.57022225e+01  0.00000000e+00  
  -4.57026003e+01  0.00000000e+00  
  -4.57029781e+01  0.00000000e+00  
  -4.57287106e+01  0.00000000e+00  
  -4.57291276e+01  0.00000000e+00  
  -4.57295445e+01  0.00000000e+00  
  -4.57515851e+01  0.00000000e+00  
  -4.57520342e+01  0.00000000e+00  
  -4.57524833e+01  0.00000000e+00  
  -4.57708458e+01  0.00000000e+00  
  -4.57713200e+01  0.00000000e+00  
  -4.57717943e+01  0.00000000e+00  
  -4.57864927e+01  0.00000000e+00  
  -4.57869851e+01  0.00000000e+00  
  -4.57874775e+01  0.00000000e+00  
  -4.57985259e+01  0.00000000e+00  
  -4.57990294e+01  0.00000000e+00  
  -4.57995330e+01  0.00000000e+00  
  -4.58069450e+01  0.00000000e+00  
  -4.58074527e+01  0.00000000e+00  
  -4.58079605e+01  0.00000000e+00  
  -4.58117502e+01  0.00000000e+00  
  -4.58122551e+01  0.00000000e+00  
  -4.58127600e+01  0.00000000e+00  
  -4.58129414e+01  0.00000000e+00  
  -4.58134365e+01  0.00000000e+00  
  -4.58139316e+01  0.00000000e+00  
  -4.58105186e+01  0.00000000e+00  
  -4.58109969e+01  0.00000000e+00  
  -4.58114751e+01  0.00000000e+00  
  -4.58044817e+01  0.00000000e+00  
  -4.58049361e+01  0.00000000e+00  
  -4.58053905e+01  0.00000000e+00  
  -4.57948306e+01  0.00000000e+00  
  -4.57952543e+01  0.00000000e+00  
  -4.57956779e+01  0.00000000e+00  
  -4.57815654e+01  0.00000000e+00  
  -4.57819512e+01  0.00000000e+00  
  -4.57823370e+01  0.00000000e+00  
  -4.57646859e+01  0.00000000e+00  
  -4.57650269e+01  0.00000000e+00  
  -4.57653679e+01  0.00000000e+00  
  -4.57441919e+01  0.00000000e+00  
  -4.57444812e+01  0.00000000e+00  
  -4.57447704e+01  0.00000000e+00  
  -4.57200838e+01  0.00000000e+00  
  -4.57203142e+01  0.00000000e+00  
  -4.57205447e+01  0.00000000e+00  
  -4.56923613e+01  0.00000000e+00  
  -4.56925259e+01  0.00000000e+00  
  -4.56926906e+01  0.00000000e+00  
  -4.56610244e+01  0.00000000e+00  
  -4.56611162e+01  0.00000000e+00  
  -4.56612081e+01  0.00000000e+00  
  -4.56260729e+01  0.00000000e+00  
  -4.56260850e+01  0.00000000e+00  
  -4.56260971e+01  0.00000000e+00  
  -4.55875070e+01  0.00000000e+00  
  -4.55874323e+01  0.00000000e+00  
  -4.55873577e+01  0.00000000e+00  
  -4.55453265e+01  0.00000000e+00  
  -4.55451580e+01  0.00000000e+00  
  -4.55449896e+01  0.00000000e+00  
  -4.54995313e+01  0.00000000e+00  
  -4.54992621e+01  0.00000000e+00  
  -4.54989929e+01  0.00000000e+00  
  -4.54501215e+01  0.00000000e+00  
  -4.54497446e+01  0.00000000e+00  
  -4.54493676e+01  0.00000000e+00  
  -4.53970970e+01  0.00000000e+00  
  -4.53966053e+01  0.00000000e+00  
  -4.53961136e+01  0.00000000e+00  
  -4.53404571e+01  0.00000000e+00  
  -4.53398436e+01  0.00000000e+00  
  -4.53392308e+01  0.00000000e+00  
  -4.52802029e+01  0.00000000e+00  
  -4.52794607e+01  0.00000000e+00  
  -4.52787186e+01  0.00000000e+00  
  -4.52163339e+01  0.00000000e+00  
  -4.52154560e+01  0.00000000e+00  
  -4.52145780e+01  0.00000000e+00  
  -4.51488500e+01  0.00000000e+00  
  -4.51478293e+01  0.00000000e+00  
  -4.51468086e+01  0.00000000e+00  
  -4.50777510e+01  0.00000000e+00  
  -4.50765807e+01  0.00000000e+00  
  -4.50754103e+01  0.00000000e+00  
  -4.50030371e+01  0.00000000e+00  
  -4.50017100e+01  0.00000000e+00  
  -4.50003829e+01  0.00000000e+00  
  -4.49247081e+01  0.00000000e+00  
  -4.49232173e+01  0.00000000e+00  
  -4.49217264e+01  0.00000000e+00  
  -4.48427640e+01  0.00000000e+00  
  -4.48411025e+01  0.00000000e+00  
  -4.48394409e+01  0.00000000e+00  
  