1.07953094e+10  
1.07953094e+10  
1.07953094e+10  
1.07952858e+10  
1.07952858e+10  
1.07952858e+10  
1.07952632e+10  
1.07952632e+10  
1.07952632e+10  
1.07952416e+10  
1.07952416e+10  
1.07952416e+10  
1.07952209e+10  
1.07952209e+10  
1.07952209e+10  
1.07952012e+10  
1.07952012e+10  
1.07952012e+10  
1.07951826e+10  
1.07951826e+10  
1.07951826e+10  
1.07951649e+10  
1.07951649e+10  
1.07951649e+10  
1.07951482e+10  
1.07951482e+10  
1.07951482e+10  
1.07951324e+10  
1.07951324e+10  
1.07951324e+10  
1.07951177e+10  
1.07951177e+10  
1.07951177e+10  
1.07951039e+10  
1.07951039e+10  
1.07951039e+10  
1.07950911e+10  
1.07950911e+10  
1.07950911e+10  
1.07950793e+10  
1.07950793e+10  
1.07950793e+10  
1.07950685e+10  
1.07950685e+10  
1.07950685e+10  
1.07950587e+10  
1.07950587e+10  
1.07950587e+10  
1.07950499e+10  
1.07950499e+10  
1.07950499e+10  
1.07950420e+10  
1.07950420e+10  
1.07950420e+10  
1.07950351e+10  
1.07950351e+10  
1.07950351e+10  
1.07950292e+10  
1.07950292e+10  
1.07950292e+10  
1.07950243e+10  
1.07950243e+10  
1.07950243e+10  
1.07950204e+10  
1.07950204e+10  
1.07950204e+10  
1.07950174e+10  
1.07950174e+10  
1.07950174e+10  
1.07950154e+10  
1.07950154e+10  
1.07950154e+10  
1.07950145e+10  
1.07950145e+10  
1.07950145e+10  
1.07950145e+10  
1.07950145e+10  
1.07950145e+10  
1.07950154e+10  
1.07950154e+10  
1.07950154e+10  
1.07950174e+10  
1.07950174e+10  
1.07950174e+10  
1.07950204e+10  
1.07950204e+10  
1.07950204e+10  
1.07950243e+10  
1.07950243e+10  
1.07950243e+10  
1.07950292e+10  
1.07950292e+10  
1.07950292e+10  
1.07950351e+10  
1.07950351e+10  
1.07950351e+10  
1.07950420e+10  
1.07950420e+10  
1.07950420e+10  
1.07950499e+10  
1.07950499e+10  
1.07950499e+10  
1.07950587e+10  
1.07950587e+10  
1.07950587e+10  
1.07950685e+10  
1.07950685e+10  
1.07950685e+10  
1.07950793e+10  
1.07950793e+10  
1.07950793e+10  
1.07950911e+10  
1.07950911e+10  
1.07950911e+10  
1.07951039e+10  
1.07951039e+10  
1.07951039e+10  
1.07951177e+10  
1.07951177e+10  
1.07951177e+10  
1.07951324e+10  
1.07951324e+10  
1.07951324e+10  
1.07951482e+10  
1.07951482e+10  
1.07951482e+10  
1.07951649e+10  
1.07951649e+10  
1.07951649e+10  
1.07951826e+10  
1.07951826e+10  
1.07951826e+10  
1.07952012e+10  
1.07952012e+10  
1.07952012e+10  
1.07952209e+10  
1.07952209e+10  
1.07952209e+10  
1.07952416e+10  
1.07952416e+10  
1.07952416e+10  
1.07952632e+10  
1.07952632e+10  
1.07952632e+10  
1.07952858e+10  
1.07952858e+10  
1.07952858e+10  
1.07953094e+10  
1.07953094e+10  
1.07953094e+10  
