1.13320735e+10  
1.13320735e+10  
1.13320735e+10  
1.13303393e+10  
1.13303393e+10  
1.13303393e+10  
1.13286777e+10  
1.13286777e+10  
1.13286777e+10  
1.13270887e+10  
1.13270887e+10  
1.13270887e+10  
1.13255722e+10  
1.13255722e+10  
1.13255722e+10  
1.13241282e+10  
1.13241282e+10  
1.13241282e+10  
1.13227566e+10  
1.13227566e+10  
1.13227566e+10  
1.13214574e+10  
1.13214574e+10  
1.13214574e+10  
1.13202306e+10  
1.13202306e+10  
1.13202306e+10  
1.13190762e+10  
1.13190762e+10  
1.13190762e+10  
1.13179940e+10  
1.13179940e+10  
1.13179940e+10  
1.13169842e+10  
1.13169842e+10  
1.13169842e+10  
1.13160465e+10  
1.13160465e+10  
1.13160465e+10  
1.13151811e+10  
1.13151811e+10  
1.13151811e+10  
1.13143879e+10  
1.13143879e+10  
1.13143879e+10  
1.13136669e+10  
1.13136669e+10  
1.13136669e+10  
1.13130180e+10  
1.13130180e+10  
1.13130180e+10  
1.13124413e+10  
1.13124413e+10  
1.13124413e+10  
1.13119367e+10  
1.13119367e+10  
1.13119367e+10  
1.13115042e+10  
1.13115042e+10  
1.13115042e+10  
1.13111438e+10  
1.13111438e+10  
1.13111438e+10  
1.13108555e+10  
1.13108555e+10  
1.13108555e+10  
1.13106393e+10  
1.13106393e+10  
1.13106393e+10  
1.13104951e+10  
1.13104951e+10  
1.13104951e+10  
1.13104230e+10  
1.13104230e+10  
1.13104230e+10  
1.13104230e+10  
1.13104230e+10  
1.13104230e+10  
1.13104951e+10  
1.13104951e+10  
1.13104951e+10  
1.13106393e+10  
1.13106393e+10  
1.13106393e+10  
1.13108555e+10  
1.13108555e+10  
1.13108555e+10  
1.13111438e+10  
1.13111438e+10  
1.13111438e+10  
1.13115042e+10  
1.13115042e+10  
1.13115042e+10  
1.13119367e+10  
1.13119367e+10  
1.13119367e+10  
1.13124413e+10  
1.13124413e+10  
1.13124413e+10  
1.13130180e+10  
1.13130180e+10  
1.13130180e+10  
1.13136669e+10  
1.13136669e+10  
1.13136669e+10  
1.13143879e+10  
1.13143879e+10  
1.13143879e+10  
1.13151811e+10  
1.13151811e+10  
1.13151811e+10  
1.13160465e+10  
1.13160465e+10  
1.13160465e+10  
1.13169841e+10  
1.13169841e+10  
1.13169841e+10  
1.13179940e+10  
1.13179940e+10  
1.13179940e+10  
1.13190762e+10  
1.13190762e+10  
1.13190762e+10  
1.13202306e+10  
1.13202306e+10  
1.13202306e+10  
1.13214574e+10  
1.13214574e+10  
1.13214574e+10  
1.13227566e+10  
1.13227566e+10  
1.13227566e+10  
1.13241281e+10  
1.13241281e+10  
1.13241281e+10  
1.13255721e+10  
1.13255721e+10  
1.13255721e+10  
1.13270886e+10  
1.13270886e+10  
1.13270886e+10  
1.13286776e+10  
1.13286776e+10  
1.13286776e+10  
1.13303392e+10  
1.13303392e+10  
1.13303392e+10  
1.13320734e+10  
1.13320734e+10  
1.13320734e+10  
