1.35276022e+10  
1.35276022e+10  
1.35276022e+10  
1.35565444e+10  
1.35565443e+10  
1.35565443e+10  
1.35843591e+10  
1.35843591e+10  
1.35843590e+10  
1.36110369e+10  
1.36110369e+10  
1.36110369e+10  
1.36365685e+10  
1.36365685e+10  
1.36365685e+10  
1.36609449e+10  
1.36609449e+10  
1.36609448e+10  
1.36841574e+10  
1.36841574e+10  
1.36841574e+10  
1.37061980e+10  
1.37061980e+10  
1.37061979e+10  
1.37270589e+10  
1.37270589e+10  
1.37270589e+10  
1.37467324e+10  
1.37467324e+10  
1.37467323e+10  
1.37652117e+10  
1.37652117e+10  
1.37652116e+10  
1.37824902e+10  
1.37824902e+10  
1.37824902e+10  
1.37985618e+10  
1.37985618e+10  
1.37985618e+10  
1.38134207e+10  
1.38134207e+10  
1.38134207e+10  
1.38270617e+10  
1.38270617e+10  
1.38270617e+10  
1.38394800e+10  
1.38394800e+10  
1.38394800e+10  
1.38506708e+10  
1.38506708e+10  
1.38506708e+10  
1.38606304e+10  
1.38606304e+10  
1.38606304e+10  
1.38693551e+10  
1.38693551e+10  
1.38693551e+10  
1.38768418e+10  
1.38768417e+10  
1.38768417e+10  
1.38830877e+10  
1.38830877e+10  
1.38830877e+10  
1.38880908e+10  
1.38880908e+10  
1.38880907e+10  
1.38918490e+10  
1.38918490e+10  
1.38918490e+10  
1.38943612e+10  
1.38943612e+10  
1.38943612e+10  
1.38956263e+10  
1.38956263e+10  
1.38956263e+10  
1.38956439e+10  
1.38956439e+10  
1.38956438e+10  
1.38944139e+10  
1.38944139e+10  
1.38944139e+10  
1.38919369e+10  
1.38919368e+10  
1.38919368e+10  
1.38882136e+10  
1.38882135e+10  
1.38882135e+10  
1.38832453e+10  
1.38832453e+10  
1.38832453e+10  
1.38770340e+10  
1.38770339e+10  
1.38770339e+10  
1.38695816e+10  
1.38695816e+10  
1.38695816e+10  
1.38608909e+10  
1.38608909e+10  
1.38608908e+10  
1.38509650e+10  
1.38509650e+10  
1.38509650e+10  
1.38398075e+10  
1.38398074e+10  
1.38398074e+10  
1.38274222e+10  
1.38274222e+10  
1.38274221e+10  
1.38138136e+10  
1.38138136e+10  
1.38138136e+10  
1.37989866e+10  
1.37989865e+10  
1.37989865e+10  
1.37829463e+10  
1.37829463e+10  
1.37829462e+10  
1.37656985e+10  
1.37656985e+10  
1.37656984e+10  
1.37472493e+10  
1.37472493e+10  
1.37472492e+10  
1.37276052e+10  
1.37276052e+10  
1.37276051e+10  
1.37067730e+10  
1.37067729e+10  
1.37067731e+10  
1.36847603e+10  
1.36847603e+10  
1.36847602e+10  
1.36615749e+10  
1.36615748e+10  
1.36615747e+10  
1.36372248e+10  
1.36372247e+10  
1.36372246e+10  
1.36117185e+10  
1.36117185e+10  
1.36117184e+10  
1.35850652e+10  
1.35850651e+10  
1.35850650e+10  
1.35572740e+10  
1.35572739e+10  
1.35572738e+10  
1.35283546e+10  
1.35283545e+10  
1.35283544e+10  
