1.37087165e+10  
1.37087163e+10  
1.37087156e+10  
1.37386964e+10  
1.37386960e+10  
1.37386959e+10  
1.37675271e+10  
1.37675265e+10  
1.37675259e+10  
1.37951973e+10  
1.37951967e+10  
1.37951964e+10  
1.38216982e+10  
1.38216980e+10  
1.38216975e+10  
1.38470208e+10  
1.38470203e+10  
1.38470199e+10  
1.38711553e+10  
1.38711550e+10  
1.38711548e+10  
1.38940939e+10  
1.38940936e+10  
1.38940933e+10  
1.39158286e+10  
1.39158283e+10  
1.39158281e+10  
1.39363510e+10  
1.39363507e+10  
1.39363509e+10  
1.39556547e+10  
1.39556545e+10  
1.39556543e+10  
1.39737322e+10  
1.39737320e+10  
1.39737318e+10  
1.39905774e+10  
1.39905773e+10  
1.39905772e+10  
1.40061845e+10  
1.40061844e+10  
1.40061843e+10  
1.40205475e+10  
1.40205475e+10  
1.40205476e+10  
1.40336623e+10  
1.40336623e+10  
1.40336622e+10  
1.40455230e+10  
1.40455230e+10  
1.40455230e+10  
1.40561260e+10  
1.40561260e+10  
1.40561260e+10  
1.40654677e+10  
1.40654677e+10  
1.40654677e+10  
1.40735445e+10  
1.40735445e+10  
1.40735446e+10  
1.40803537e+10  
1.40803538e+10  
1.40803538e+10  
1.40858929e+10  
1.40858929e+10  
1.40858930e+10  
1.40901602e+10  
1.40901603e+10  
1.40901603e+10  
1.40931540e+10  
1.40931541e+10  
1.40931542e+10  
1.40948734e+10  
1.40948735e+10  
1.40948736e+10  
1.40953177e+10  
1.40953178e+10  
1.40953179e+10  
1.40944869e+10  
1.40944871e+10  
1.40944872e+10  
1.40923814e+10  
1.40923815e+10  
1.40923816e+10  
1.40890019e+10  
1.40890020e+10  
1.40890021e+10  
1.40843497e+10  
1.40843498e+10  
1.40843499e+10  
1.40784266e+10  
1.40784266e+10  
1.40784267e+10  
1.40712346e+10  
1.40712347e+10  
1.40712347e+10  
1.40627765e+10  
1.40627765e+10  
1.40627766e+10  
1.40530554e+10  
1.40530554e+10  
1.40530554e+10  
1.40420747e+10  
1.40420747e+10  
1.40420746e+10  
1.40298385e+10  
1.40298384e+10  
1.40298384e+10  
1.40163512e+10  
1.40163511e+10  
1.40163512e+10  
1.40016175e+10  
1.40016176e+10  
1.40016175e+10  
1.39856433e+10  
1.39856431e+10  
1.39856430e+10  
1.39684338e+10  
1.39684336e+10  
1.39684334e+10  
1.39499951e+10  
1.39499949e+10  
1.39499947e+10  
1.39303343e+10  
1.39303339e+10  
1.39303336e+10  
1.39094578e+10  
1.39094575e+10  
1.39094574e+10  
1.38873739e+10  
1.38873736e+10  
1.38873732e+10  
1.38640900e+10  
1.38640896e+10  
1.38640890e+10  
1.38396141e+10  
1.38396137e+10  
1.38396132e+10  
1.38139556e+10  
1.38139549e+10  
1.38139544e+10  
1.37871229e+10  
1.37871224e+10  
1.37871218e+10  
1.37591262e+10  
1.37591256e+10  
1.37591247e+10  
1.37299747e+10  
1.37299737e+10  
1.37299730e+10  
