1.36209223e+10  
1.36209222e+10  
1.36209218e+10  
1.36505243e+10  
1.36505239e+10  
1.36505242e+10  
1.36789834e+10  
1.36789831e+10  
1.36789828e+10  
1.37062891e+10  
1.37062889e+10  
1.37062889e+10  
1.37324327e+10  
1.37324325e+10  
1.37324322e+10  
1.37574045e+10  
1.37574044e+10  
1.37574042e+10  
1.37811957e+10  
1.37811955e+10  
1.37811956e+10  
1.38037979e+10  
1.38037978e+10  
1.38037977e+10  
1.38252036e+10  
1.38252036e+10  
1.38252035e+10  
1.38454042e+10  
1.38454042e+10  
1.38454043e+10  
1.38643935e+10  
1.38643935e+10  
1.38643934e+10  
1.38821641e+10  
1.38821641e+10  
1.38821641e+10  
1.38987098e+10  
1.38987098e+10  
1.38987098e+10  
1.39140250e+10  
1.39140250e+10  
1.39140250e+10  
1.39281038e+10  
1.39281039e+10  
1.39281041e+10  
1.39409418e+10  
1.39409418e+10  
1.39409419e+10  
1.39525337e+10  
1.39525338e+10  
1.39525339e+10  
1.39628757e+10  
1.39628758e+10  
1.39628759e+10  
1.39719641e+10  
1.39719642e+10  
1.39719644e+10  
1.39797956e+10  
1.39797958e+10  
1.39797959e+10  
1.39863675e+10  
1.39863677e+10  
1.39863678e+10  
1.39916774e+10  
1.39916775e+10  
1.39916777e+10  
1.39957234e+10  
1.39957235e+10  
1.39957237e+10  
1.39985040e+10  
1.39985042e+10  
1.39985043e+10  
1.40000183e+10  
1.40000185e+10  
1.40000187e+10  
1.40002658e+10  
1.40002660e+10  
1.40002661e+10  
1.39992463e+10  
1.39992465e+10  
1.39992467e+10  
1.39969604e+10  
1.39969606e+10  
1.39969607e+10  
1.39934087e+10  
1.39934089e+10  
1.39934091e+10  
1.39885927e+10  
1.39885929e+10  
1.39885931e+10  
1.39825141e+10  
1.39825143e+10  
1.39825144e+10  
1.39751750e+10  
1.39751752e+10  
1.39751753e+10  
1.39665782e+10  
1.39665783e+10  
1.39665784e+10  
1.39567266e+10  
1.39567267e+10  
1.39567268e+10  
1.39456241e+10  
1.39456242e+10  
1.39456243e+10  
1.39332745e+10  
1.39332746e+10  
1.39332746e+10  
1.39196824e+10  
1.39196824e+10  
1.39196825e+10  
1.39048524e+10  
1.39048524e+10  
1.39048525e+10  
1.38887900e+10  
1.38887900e+10  
1.38887900e+10  
1.38715012e+10  
1.38715011e+10  
1.38715011e+10  
1.38529918e+10  
1.38529918e+10  
1.38529917e+10  
1.38332687e+10  
1.38332684e+10  
1.38332683e+10  
1.38123384e+10  
1.38123383e+10  
1.38123384e+10  
1.37902094e+10  
1.37902092e+10  
1.37902091e+10  
1.37668888e+10  
1.37668886e+10  
1.37668883e+10  
1.37423850e+10  
1.37423847e+10  
1.37423845e+10  
1.37167070e+10  
1.37167064e+10  
1.37167061e+10  
1.36898634e+10  
1.36898631e+10  
1.36898627e+10  
1.36618642e+10  
1.36618638e+10  
1.36618634e+10  
1.36327191e+10  
1.36327183e+10  
1.36327179e+10  
