1.18715734e+10  
1.18715734e+10  
1.18715734e+10  
1.18699576e+10  
1.18699576e+10  
1.18699576e+10  
1.18684094e+10  
1.18684094e+10  
1.18684094e+10  
1.18669287e+10  
1.18669287e+10  
1.18669287e+10  
1.18655156e+10  
1.18655156e+10  
1.18655156e+10  
1.18641700e+10  
1.18641700e+10  
1.18641700e+10  
1.18628919e+10  
1.18628919e+10  
1.18628919e+10  
1.18616812e+10  
1.18616812e+10  
1.18616812e+10  
1.18605380e+10  
1.18605380e+10  
1.18605380e+10  
1.18594621e+10  
1.18594621e+10  
1.18594621e+10  
1.18584536e+10  
1.18584536e+10  
1.18584536e+10  
1.18575124e+10  
1.18575124e+10  
1.18575124e+10  
1.18566386e+10  
1.18566386e+10  
1.18566386e+10  
1.18558321e+10  
1.18558321e+10  
1.18558321e+10  
1.18550928e+10  
1.18550928e+10  
1.18550928e+10  
1.18544208e+10  
1.18544208e+10  
1.18544208e+10  
1.18538160e+10  
1.18538160e+10  
1.18538160e+10  
1.18532785e+10  
1.18532785e+10  
1.18532785e+10  
1.18528082e+10  
1.18528082e+10  
1.18528082e+10  
1.18524051e+10  
1.18524051e+10  
1.18524051e+10  
1.18520692e+10  
1.18520692e+10  
1.18520692e+10  
1.18518005e+10  
1.18518005e+10  
1.18518005e+10  
1.18515990e+10  
1.18515990e+10  
1.18515990e+10  
1.18514646e+10  
1.18514646e+10  
1.18514646e+10  
1.18513974e+10  
1.18513974e+10  
1.18513974e+10  
1.18513974e+10  
1.18513974e+10  
1.18513974e+10  
1.18514646e+10  
1.18514646e+10  
1.18514646e+10  
1.18515989e+10  
1.18515989e+10  
1.18515989e+10  
1.18518005e+10  
1.18518005e+10  
1.18518005e+10  
1.18520692e+10  
1.18520692e+10  
1.18520692e+10  
1.18524051e+10  
1.18524051e+10  
1.18524051e+10  
1.18528082e+10  
1.18528082e+10  
1.18528082e+10  
1.18532785e+10  
1.18532785e+10  
1.18532785e+10  
1.18538160e+10  
1.18538160e+10  
1.18538160e+10  
1.18544208e+10  
1.18544208e+10  
1.18544208e+10  
1.18550928e+10  
1.18550928e+10  
1.18550928e+10  
1.18558320e+10  
1.18558320e+10  
1.18558320e+10  
1.18566386e+10  
1.18566386e+10  
1.18566386e+10  
1.18575124e+10  
1.18575124e+10  
1.18575124e+10  
1.18584536e+10  
1.18584536e+10  
1.18584536e+10  
1.18594621e+10  
1.18594621e+10  
1.18594621e+10  
1.18605379e+10  
1.18605379e+10  
1.18605379e+10  
1.18616812e+10  
1.18616812e+10  
1.18616812e+10  
1.18628918e+10  
1.18628918e+10  
1.18628918e+10  
1.18641700e+10  
1.18641700e+10  
1.18641700e+10  
1.18655155e+10  
1.18655155e+10  
1.18655155e+10  
1.18669287e+10  
1.18669287e+10  
1.18669287e+10  
1.18684093e+10  
1.18684093e+10  
1.18684093e+10  
1.18699575e+10  
1.18699575e+10  
1.18699575e+10  
1.18715734e+10  
1.18715734e+10  
1.18715734e+10  
