1.09245601e+10  
1.09245601e+10  
1.09245601e+10  
1.09240054e+10  
1.09240054e+10  
1.09240054e+10  
1.09234738e+10  
1.09234738e+10  
1.09234738e+10  
1.09229654e+10  
1.09229654e+10  
1.09229654e+10  
1.09224801e+10  
1.09224801e+10  
1.09224801e+10  
1.09220179e+10  
1.09220179e+10  
1.09220179e+10  
1.09215789e+10  
1.09215789e+10  
1.09215789e+10  
1.09211630e+10  
1.09211630e+10  
1.09211630e+10  
1.09207703e+10  
1.09207703e+10  
1.09207703e+10  
1.09204006e+10  
1.09204006e+10  
1.09204006e+10  
1.09200541e+10  
1.09200541e+10  
1.09200541e+10  
1.09197307e+10  
1.09197307e+10  
1.09197307e+10  
1.09194304e+10  
1.09194304e+10  
1.09194304e+10  
1.09191532e+10  
1.09191532e+10  
1.09191532e+10  
1.09188991e+10  
1.09188991e+10  
1.09188991e+10  
1.09186682e+10  
1.09186682e+10  
1.09186682e+10  
1.09184603e+10  
1.09184603e+10  
1.09184603e+10  
1.09182755e+10  
1.09182755e+10  
1.09182755e+10  
1.09181139e+10  
1.09181139e+10  
1.09181139e+10  
1.09179753e+10  
1.09179753e+10  
1.09179753e+10  
1.09178598e+10  
1.09178598e+10  
1.09178598e+10  
1.09177675e+10  
1.09177675e+10  
1.09177675e+10  
1.09176982e+10  
1.09176982e+10  
1.09176982e+10  
1.09176520e+10  
1.09176520e+10  
1.09176520e+10  
1.09176289e+10  
1.09176289e+10  
1.09176289e+10  
1.09176289e+10  
1.09176289e+10  
1.09176289e+10  
1.09176520e+10  
1.09176520e+10  
1.09176520e+10  
1.09176982e+10  
1.09176982e+10  
1.09176982e+10  
1.09177675e+10  
1.09177675e+10  
1.09177675e+10  
1.09178598e+10  
1.09178598e+10  
1.09178598e+10  
1.09179753e+10  
1.09179753e+10  
1.09179753e+10  
1.09181139e+10  
1.09181139e+10  
1.09181139e+10  
1.09182755e+10  
1.09182755e+10  
1.09182755e+10  
1.09184603e+10  
1.09184603e+10  
1.09184603e+10  
1.09186682e+10  
1.09186682e+10  
1.09186682e+10  
1.09188991e+10  
1.09188991e+10  
1.09188991e+10  
1.09191532e+10  
1.09191532e+10  
1.09191532e+10  
1.09194304e+10  
1.09194304e+10  
1.09194304e+10  
1.09197307e+10  
1.09197307e+10  
1.09197307e+10  
1.09200541e+10  
1.09200541e+10  
1.09200541e+10  
1.09204006e+10  
1.09204006e+10  
1.09204006e+10  
1.09207703e+10  
1.09207703e+10  
1.09207703e+10  
1.09211630e+10  
1.09211630e+10  
1.09211630e+10  
1.09215789e+10  
1.09215789e+10  
1.09215789e+10  
1.09220179e+10  
1.09220179e+10  
1.09220179e+10  
1.09224801e+10  
1.09224801e+10  
1.09224801e+10  
1.09229654e+10  
1.09229654e+10  
1.09229654e+10  
1.09234738e+10  
1.09234738e+10  
1.09234738e+10  
1.09240054e+10  
1.09240054e+10  
1.09240054e+10  
1.09245601e+10  
1.09245601e+10  
1.09245601e+10  
