-5.28021847e+03  0.00000000e+00  
  -5.29133286e+03  0.00000000e+00  
  -5.30244725e+03  0.00000000e+00  
  -5.15007946e+03  0.00000000e+00  
  -5.16028377e+03  0.00000000e+00  
  -5.17048807e+03  0.00000000e+00  
  -5.02062250e+03  0.00000000e+00  
  -5.02995465e+03  0.00000000e+00  
  -5.03928679e+03  0.00000000e+00  
  -4.89184761e+03  0.00000000e+00  
  -4.90034551e+03  0.00000000e+00  
  -4.90884341e+03  0.00000000e+00  
  -4.76375464e+03  0.00000000e+00  
  -4.77145622e+03  0.00000000e+00  
  -4.77915779e+03  0.00000000e+00  
  -4.63634386e+03  0.00000000e+00  
  -4.64328703e+03  0.00000000e+00  
  -4.65023020e+03  0.00000000e+00  
  -4.50961512e+03  0.00000000e+00  
  -4.51583781e+03  0.00000000e+00  
  -4.52206050e+03  0.00000000e+00  
  -4.38356845e+03  0.00000000e+00  
  -4.38910857e+03  0.00000000e+00  
  -4.39464870e+03  0.00000000e+00  
  -4.25820382e+03  0.00000000e+00  
  -4.26309931e+03  0.00000000e+00  
  -4.26799479e+03  0.00000000e+00  
  -4.13352126e+03  0.00000000e+00  
  -4.13781002e+03  0.00000000e+00  
  -4.14209878e+03  0.00000000e+00  
  -4.00952063e+03  0.00000000e+00  
  -4.01324058e+03  0.00000000e+00  
  -4.01696054e+03  0.00000000e+00  
  -3.88620217e+03  0.00000000e+00  
  -3.88939125e+03  0.00000000e+00  
  -3.89258032e+03  0.00000000e+00  
  -3.76356577e+03  0.00000000e+00  
  -3.76626188e+03  0.00000000e+00  
  -3.76895799e+03  0.00000000e+00  
  -3.64161143e+03  0.00000000e+00  
  -3.64385249e+03  0.00000000e+00  
  -3.64609357e+03  0.00000000e+00  
  -3.52033913e+03  0.00000000e+00  
  -3.52216308e+03  0.00000000e+00  
  -3.52398703e+03  0.00000000e+00  
  -3.39974889e+03  0.00000000e+00  
  -3.40119364e+03  0.00000000e+00  
  -3.40263839e+03  0.00000000e+00  
  -3.27984060e+03  0.00000000e+00  
  -3.28094406e+03  0.00000000e+00  
  -3.28204752e+03  0.00000000e+00  
  -3.16061447e+03  0.00000000e+00  
  -3.16141457e+03  0.00000000e+00  
  -3.16221468e+03  0.00000000e+00  
  -3.04207040e+03  0.00000000e+00  
  -3.04260506e+03  0.00000000e+00  
  -3.04313972e+03  0.00000000e+00  
  -2.92420838e+03  0.00000000e+00  
  -2.92451552e+03  0.00000000e+00  
  -2.92482266e+03  0.00000000e+00  
  -2.80702842e+03  0.00000000e+00  
  -2.80714596e+03  0.00000000e+00  
  -2.80726349e+03  0.00000000e+00  
  -2.69053051e+03  0.00000000e+00  
  -2.69049637e+03  0.00000000e+00  
  -2.69046222e+03  0.00000000e+00  
  -2.57471455e+03  0.00000000e+00  
  -2.57456664e+03  0.00000000e+00  
  -2.57441873e+03  0.00000000e+00  
  -2.45958075e+03  0.00000000e+00  
  -2.45935700e+03  0.00000000e+00  
  -2.45913325e+03  0.00000000e+00  
  -2.34512901e+03  0.00000000e+00  
  -2.34486734e+03  0.00000000e+00  
  -2.34460566e+03  0.00000000e+00  
  -2.23135932e+03  0.00000000e+00  
  -2.23109764e+03  0.00000000e+00  
  -2.23083597e+03  0.00000000e+00  
  -2.11827169e+03  0.00000000e+00  
  -2.11804793e+03  0.00000000e+00  
  -2.11782417e+03  0.00000000e+00  
  -2.00586611e+03  0.00000000e+00  
  -2.00571819e+03  0.00000000e+00  
  -2.00557028e+03  0.00000000e+00  
  -1.89414247e+03  0.00000000e+00  
  -1.89410831e+03  0.00000000e+00  
  -1.89407416e+03  0.00000000e+00  
  -1.78310100e+03  0.00000000e+00  
  -1.78321853e+03  0.00000000e+00  
  -1.78333604e+03  0.00000000e+00  
  -1.67274159e+03  0.00000000e+00  
  -1.67304870e+03  0.00000000e+00  
  -1.67335582e+03  0.00000000e+00  
  -1.56306423e+03  0.00000000e+00  
  -1.56359886e+03  0.00000000e+00  
  -1.56413350e+03  0.00000000e+00  
  -1.45406891e+03  0.00000000e+00  
  -1.45486899e+03  0.00000000e+00  
  -1.45566907e+03  0.00000000e+00  
  -1.34575566e+03  0.00000000e+00  
  -1.34685909e+03  0.00000000e+00  
  -1.34796254e+03  0.00000000e+00  
  -1.23812436e+03  0.00000000e+00  
  -1.23956907e+03  0.00000000e+00  
  -1.24101379e+03  0.00000000e+00  
  -1.13117521e+03  0.00000000e+00  
  -1.13299912e+03  0.00000000e+00  
  -1.13482305e+03  0.00000000e+00  
  -1.02490813e+03  0.00000000e+00  
  -1.02714916e+03  0.00000000e+00  
  -1.02939019e+03  0.00000000e+00  
  -9.19323088e+02  0.00000000e+00  
  -9.22019163e+02  0.00000000e+00  
  -9.24715233e+02  0.00000000e+00  
  -8.14420106e+02  0.00000000e+00  
  -8.17609132e+02  0.00000000e+00  
  -8.20798169e+02  0.00000000e+00  
  -7.10199172e+02  0.00000000e+00  
  -7.13919081e+02  0.00000000e+00  
  -7.17638994e+02  0.00000000e+00  
  -6.06660203e+02  0.00000000e+00  
  -6.10948905e+02  0.00000000e+00  
  -6.15237615e+02  0.00000000e+00  
  -5.03803379e+02  0.00000000e+00  
  -5.08698809e+02  0.00000000e+00  
  -5.13594233e+02  0.00000000e+00  
  -4.01628617e+02  0.00000000e+00  
  -4.07168684e+02  0.00000000e+00  
  -4.12708748e+02  0.00000000e+00  
  -3.00135911e+02  0.00000000e+00  
  -3.06358534e+02  0.00000000e+00  
  -3.12581158e+02  0.00000000e+00  
  -1.99325248e+02  0.00000000e+00  
  -2.06268351e+02  0.00000000e+00  
  -2.13211459e+02  0.00000000e+00  
  -9.91966488e+01  0.00000000e+00  
  -1.06898146e+02  0.00000000e+00  
  -1.14599649e+02  0.00000000e+00  
  2.50004236e-01  0.00000000e+00  
  -8.24781909e+00  0.00000000e+00  
  -1.67456368e+01  0.00000000e+00  
  9.90145027e+01  0.00000000e+00  
  8.96824369e+01  0.00000000e+00  
  8.03503749e+01  0.00000000e+00  
  1.97096945e+02  0.00000000e+00  
  1.86892718e+02  0.00000000e+00  
  1.76688501e+02  0.00000000e+00  
  2.94497326e+02  0.00000000e+00  
  2.83383036e+02  0.00000000e+00  
  2.72268733e+02  0.00000000e+00  
  