1.36619350e+10  
1.36619351e+10  
1.36619345e+10  
1.36917314e+10  
1.36917312e+10  
1.36917313e+10  
1.37203814e+10  
1.37203810e+10  
1.37203806e+10  
1.37478740e+10  
1.37478736e+10  
1.37478736e+10  
1.37742006e+10  
1.37742005e+10  
1.37742002e+10  
1.37993519e+10  
1.37993516e+10  
1.37993513e+10  
1.38233185e+10  
1.38233183e+10  
1.38233183e+10  
1.38460922e+10  
1.38460921e+10  
1.38460919e+10  
1.38676655e+10  
1.38676653e+10  
1.38676652e+10  
1.38880295e+10  
1.38880294e+10  
1.38880295e+10  
1.39071782e+10  
1.39071781e+10  
1.39071781e+10  
1.39251041e+10  
1.39251040e+10  
1.39251040e+10  
1.39418010e+10  
1.39418010e+10  
1.39418011e+10  
1.39572633e+10  
1.39572633e+10  
1.39572634e+10  
1.39714849e+10  
1.39714849e+10  
1.39714851e+10  
1.39844614e+10  
1.39844615e+10  
1.39844616e+10  
1.39961877e+10  
1.39961878e+10  
1.39961879e+10  
1.40066597e+10  
1.40066599e+10  
1.40066600e+10  
1.40158739e+10  
1.40158741e+10  
1.40158742e+10  
1.40238268e+10  
1.40238269e+10  
1.40238271e+10  
1.40305157e+10  
1.40305159e+10  
1.40305160e+10  
1.40359381e+10  
1.40359383e+10  
1.40359384e+10  
1.40400922e+10  
1.40400924e+10  
1.40400926e+10  
1.40429766e+10  
1.40429768e+10  
1.40429770e+10  
1.40445901e+10  
1.40445903e+10  
1.40445905e+10  
1.40449323e+10  
1.40449325e+10  
1.40449327e+10  
1.40440031e+10  
1.40440033e+10  
1.40440035e+10  
1.40418029e+10  
1.40418031e+10  
1.40418033e+10  
1.40383324e+10  
1.40383326e+10  
1.40383328e+10  
1.40335930e+10  
1.40335932e+10  
1.40335934e+10  
1.40275864e+10  
1.40275866e+10  
1.40275868e+10  
1.40203148e+10  
1.40203150e+10  
1.40203151e+10  
1.40117808e+10  
1.40117810e+10  
1.40117811e+10  
1.40019876e+10  
1.40019877e+10  
1.40019879e+10  
1.39909387e+10  
1.39909388e+10  
1.39909389e+10  
1.39786382e+10  
1.39786383e+10  
1.39786384e+10  
1.39650906e+10  
1.39650906e+10  
1.39650907e+10  
1.39503004e+10  
1.39503004e+10  
1.39503005e+10  
1.39342734e+10  
1.39342734e+10  
1.39342734e+10  
1.39170152e+10  
1.39170151e+10  
1.39170151e+10  
1.38985317e+10  
1.38985316e+10  
1.38985316e+10  
1.38788301e+10  
1.38788297e+10  
1.38788296e+10  
1.38579166e+10  
1.38579165e+10  
1.38579165e+10  
1.38357997e+10  
1.38357995e+10  
1.38357993e+10  
1.38124868e+10  
1.38124866e+10  
1.38124861e+10  
1.37879860e+10  
1.37879857e+10  
1.37879854e+10  
1.37623065e+10  
1.37623059e+10  
1.37623055e+10  
1.37354568e+10  
1.37354564e+10  
1.37354560e+10  
1.37074470e+10  
1.37074465e+10  
1.37074458e+10  
1.36782864e+10  
1.36782856e+10  
1.36782851e+10  
