1.14478586e+10  
1.14478586e+10  
1.14478586e+10  
1.14459604e+10  
1.14459604e+10  
1.14459604e+10  
1.14441417e+10  
1.14441417e+10  
1.14441417e+10  
1.14424025e+10  
1.14424025e+10  
1.14424025e+10  
1.14407427e+10  
1.14407427e+10  
1.14407427e+10  
1.14391622e+10  
1.14391622e+10  
1.14391622e+10  
1.14376611e+10  
1.14376611e+10  
1.14376611e+10  
1.14362392e+10  
1.14362392e+10  
1.14362392e+10  
1.14348965e+10  
1.14348965e+10  
1.14348965e+10  
1.14336330e+10  
1.14336330e+10  
1.14336330e+10  
1.14324487e+10  
1.14324487e+10  
1.14324487e+10  
1.14313434e+10  
1.14313434e+10  
1.14313434e+10  
1.14303173e+10  
1.14303173e+10  
1.14303173e+10  
1.14293702e+10  
1.14293702e+10  
1.14293702e+10  
1.14285021e+10  
1.14285021e+10  
1.14285021e+10  
1.14277130e+10  
1.14277130e+10  
1.14277130e+10  
1.14270029e+10  
1.14270029e+10  
1.14270029e+10  
1.14263718e+10  
1.14263718e+10  
1.14263718e+10  
1.14258196e+10  
1.14258196e+10  
1.14258196e+10  
1.14253463e+10  
1.14253463e+10  
1.14253463e+10  
1.14249519e+10  
1.14249519e+10  
1.14249519e+10  
1.14246364e+10  
1.14246364e+10  
1.14246364e+10  
1.14243997e+10  
1.14243997e+10  
1.14243997e+10  
1.14242420e+10  
1.14242420e+10  
1.14242420e+10  
1.14241631e+10  
1.14241631e+10  
1.14241631e+10  
1.14241631e+10  
1.14241631e+10  
1.14241631e+10  
1.14242420e+10  
1.14242420e+10  
1.14242420e+10  
1.14243997e+10  
1.14243997e+10  
1.14243997e+10  
1.14246364e+10  
1.14246364e+10  
1.14246364e+10  
1.14249519e+10  
1.14249519e+10  
1.14249519e+10  
1.14253463e+10  
1.14253463e+10  
1.14253463e+10  
1.14258195e+10  
1.14258195e+10  
1.14258195e+10  
1.14263718e+10  
1.14263718e+10  
1.14263718e+10  
1.14270029e+10  
1.14270029e+10  
1.14270029e+10  
1.14277130e+10  
1.14277130e+10  
1.14277130e+10  
1.14285021e+10  
1.14285021e+10  
1.14285021e+10  
1.14293702e+10  
1.14293702e+10  
1.14293702e+10  
1.14303173e+10  
1.14303173e+10  
1.14303173e+10  
1.14313434e+10  
1.14313434e+10  
1.14313434e+10  
1.14324486e+10  
1.14324486e+10  
1.14324486e+10  
1.14336330e+10  
1.14336330e+10  
1.14336330e+10  
1.14348965e+10  
1.14348965e+10  
1.14348965e+10  
1.14362391e+10  
1.14362391e+10  
1.14362391e+10  
1.14376610e+10  
1.14376610e+10  
1.14376610e+10  
1.14391622e+10  
1.14391622e+10  
1.14391622e+10  
1.14407426e+10  
1.14407426e+10  
1.14407426e+10  
1.14424024e+10  
1.14424024e+10  
1.14424024e+10  
1.14441417e+10  
1.14441417e+10  
1.14441417e+10  
1.14459603e+10  
1.14459603e+10  
1.14459603e+10  
1.14478585e+10  
1.14478585e+10  
1.14478585e+10  
