1.10542407e+10  
1.10542407e+10  
1.10542407e+10  
1.10532218e+10  
1.10532218e+10  
1.10532218e+10  
1.10522454e+10  
1.10522454e+10  
1.10522454e+10  
1.10513115e+10  
1.10513115e+10  
1.10513115e+10  
1.10504202e+10  
1.10504202e+10  
1.10504202e+10  
1.10495715e+10  
1.10495715e+10  
1.10495715e+10  
1.10487653e+10  
1.10487653e+10  
1.10487653e+10  
1.10480016e+10  
1.10480016e+10  
1.10480016e+10  
1.10472804e+10  
1.10472804e+10  
1.10472804e+10  
1.10466016e+10  
1.10466016e+10  
1.10466016e+10  
1.10459654e+10  
1.10459654e+10  
1.10459654e+10  
1.10453716e+10  
1.10453716e+10  
1.10453716e+10  
1.10448203e+10  
1.10448203e+10  
1.10448203e+10  
1.10443114e+10  
1.10443114e+10  
1.10443114e+10  
1.10438449e+10  
1.10438449e+10  
1.10438449e+10  
1.10434209e+10  
1.10434209e+10  
1.10434209e+10  
1.10430393e+10  
1.10430393e+10  
1.10430393e+10  
1.10427001e+10  
1.10427001e+10  
1.10427001e+10  
1.10424033e+10  
1.10424033e+10  
1.10424033e+10  
1.10421490e+10  
1.10421490e+10  
1.10421490e+10  
1.10419370e+10  
1.10419370e+10  
1.10419370e+10  
1.10417674e+10  
1.10417674e+10  
1.10417674e+10  
1.10416402e+10  
1.10416402e+10  
1.10416402e+10  
1.10415555e+10  
1.10415555e+10  
1.10415555e+10  
1.10415131e+10  
1.10415131e+10  
1.10415131e+10  
1.10415131e+10  
1.10415131e+10  
1.10415131e+10  
1.10415555e+10  
1.10415555e+10  
1.10415555e+10  
1.10416402e+10  
1.10416402e+10  
1.10416402e+10  
1.10417674e+10  
1.10417674e+10  
1.10417674e+10  
1.10419370e+10  
1.10419370e+10  
1.10419370e+10  
1.10421489e+10  
1.10421489e+10  
1.10421489e+10  
1.10424033e+10  
1.10424033e+10  
1.10424033e+10  
1.10427001e+10  
1.10427001e+10  
1.10427001e+10  
1.10430393e+10  
1.10430393e+10  
1.10430393e+10  
1.10434209e+10  
1.10434209e+10  
1.10434209e+10  
1.10438449e+10  
1.10438449e+10  
1.10438449e+10  
1.10443114e+10  
1.10443114e+10  
1.10443114e+10  
1.10448202e+10  
1.10448202e+10  
1.10448202e+10  
1.10453716e+10  
1.10453716e+10  
1.10453716e+10  
1.10459654e+10  
1.10459654e+10  
1.10459654e+10  
1.10466016e+10  
1.10466016e+10  
1.10466016e+10  
1.10472803e+10  
1.10472803e+10  
1.10472803e+10  
1.10480016e+10  
1.10480016e+10  
1.10480016e+10  
1.10487653e+10  
1.10487653e+10  
1.10487653e+10  
1.10495715e+10  
1.10495715e+10  
1.10495715e+10  
1.10504202e+10  
1.10504202e+10  
1.10504202e+10  
1.10513115e+10  
1.10513115e+10  
1.10513115e+10  
1.10522453e+10  
1.10522453e+10  
1.10522453e+10  
1.10532217e+10  
1.10532217e+10  
1.10532217e+10  
1.10542407e+10  
1.10542407e+10  
1.10542407e+10  
